Object | Point o | Object pose
1, [1.6669964  1.54501149], 2.83103319295184
2, [1.59711482 1.69317819], 0.08724928335000803
3, [2.10863229 1.44870592], 1.9863282791030665
4, [1.71802639 1.48806345], 0.7348314666069308
1, [1.79956376 1.55140924], 2.4584360703656456
2, [1.43838564 1.51142519], 2.453894579383146
3, [1.58300877 1.4311979 ], 0.4527156099805361
4, [2.03938761 1.42461935], 2.7312608843000823
1, [2.2091082 1.7158763], 1.952476946712893
2, [2.30671709 1.63391149], 2.32416034703881
3, [1.47115613 1.59505861], 0.038396408908631975
4, [2.19660226 1.43503648], 0.011047619701217582
1, [1.67976296 1.67465295], 1.004839411062705
2, [2.48185332 1.63122836], 0.9934609332220427
3, [1.55523735 1.43164387], 1.6818454677165011
4, [2.23162406 1.5791264 ], 1.9550357539299705
1, [2.36222605 1.61203194], 1.6877953822680751
2, [2.28665279 1.58289682], 0.9102310248368433
3, [1.8997104  1.52069668], 0.28834861421170455
4, [1.44225142 1.55335745], 1.9001957075121043
1, [1.64407739 1.69305763], 0.5947699207280848
2, [2.3640187  1.45485298], 3.030915383580753
3, [1.76748905 1.5903802 ], 1.7487746251179905
4, [2.41955935 1.41299276], 2.0215999764686097
1, [1.91675084 1.67517823], 1.1573896458414528
2, [2.62446119 1.73725935], 0.6368425810941303
3, [1.78515776 1.4266494 ], 0.0315514966058166
4, [1.44150642 1.40601075], 3.1154921309529975
1, [1.70730139 1.58470539], 1.8309318258247402
2, [2.73185797 1.64496176], 0.024151518362331464
3, [2.04119161 1.46519599], 0.6068946270899053
4, [2.20143809 1.49669082], 2.458994033727286
1, [1.92979748 1.55351227], 2.2457431384751905
2, [1.85542736 1.60279549], 0.5261968047444961
3, [1.82510063 1.45280702], 0.1857822002978035
4, [1.49386046 1.51066905], 2.9726571665982333
1, [2.29339382 1.77566087], 1.420612951324629
2, [2.37389597 1.76072247], 1.1750034026588039
3, [2.53689047 1.54569399], 1.182699560064356
4, [1.59993466 1.52038014], 1.1133801230540046
1, [2.03647233 1.61087315], 2.3010557271260104
2, [1.95157089 1.70246224], 0.3041851125088154
3, [2.50706192 1.45331023], 1.4693232466208033
4, [2.12334975 1.47770351], 1.9022817665338836
1, [1.80191898 1.58438243], 0.09990511226195596
2, [2.59427808 1.58986322], 0.9698578002423457
3, [2.01244746 1.54189057], 2.179341226302247
4, [1.97214646 1.49207669], 2.9727224010195905
1, [2.12241044 1.64474356], 1.8626378292569632
2, [1.69229307 1.63566864], 0.5371692780095548
3, [1.68153012 1.45153145], 2.83817762220914
4, [2.33486082 1.47143418], 1.58950756098037
1, [1.28996857 1.65100216], 2.153556748955349
2, [2.1069974 1.7478397], 0.7782675615790149
3, [2.0691821  1.41563649], 1.5942049800502098
4, [1.74396415 1.42303483], 1.6043169383903044
1, [1.68704079 1.52408336], 2.6949330727062457
2, [1.8344032  1.70195787], 1.1503384465321538
3, [1.46869478 1.56404646], 1.092435028226365
4, [2.00554686 1.54858601], 0.028251830676888134
1, [2.75972578 1.69623816], 0.26702732032348764
2, [2.14725075 1.54728021], 2.083687243454051
3, [1.46522582 1.52613482], 1.022382062963531
4, [1.49798278 1.48384272], 1.5020475136629312
1, [2.2695629  1.59153914], 2.361309057748759
2, [2.20180938 1.62826478], 1.3782544052131522
3, [1.69645711 1.53685486], 0.7427017143341198
4, [2.55331247 1.57158311], 2.3848597116685144
1, [2.13847886 1.52104708], 2.5465911904169842
2, [1.56283322 1.63276643], 2.249211986111877
3, [1.63857589 1.54935636], 2.9192486853467106
4, [2.14899726 1.50060914], 2.0712170670507533
1, [1.90462061 1.77175379], 1.5464907649039403
2, [1.94694594 1.41644953], 2.489297431610454
3, [2.55245749 1.54177213], 0.4934233682449686
4, [2.30678117 1.55291216], 0.6885697682728092
1, [1.39775527 1.68618179], 1.4866643142603735
2, [1.87069088 1.55947037], 2.4616693332072797
3, [2.13196127 1.45154536], 0.5990929739438589
4, [1.60403003 1.48869789], 2.9959580532428283
1, [2.12570787 1.55846768], 2.4905994966000966
2, [2.51301624 1.762319  ], 1.1629800656670266
3, [1.72289184 1.55504247], 0.8008230481956574
4, [2.09329124 1.40786241], 0.7586075388260888
1, [2.30183242 1.64935657], 1.4514957722893895
2, [1.71011116 1.62509297], 1.4193865845425155
3, [1.96149888 1.59537898], 1.7358590329583408
4, [1.77340469 1.53461918], 2.2120592620915445
1, [2.19589291 1.55815037], 2.014046732515322
2, [1.7568076 1.6062661], 1.2023147180153737
3, [1.91585509 1.41715057], 1.0621585234050532
4, [1.48080209 1.53704114], 1.8778895097026937
1, [2.03149174 1.68616807], 0.8291430643356895
2, [2.12230593 1.6936179 ], 0.5592058515160153
3, [1.54981176 1.46518008], 0.012636838269868078
4, [1.54715865 1.49704668], 1.9645817260373133
1, [2.13682904 1.71392896], 1.389289406096512
2, [1.76852873 1.6269256 ], 2.1159837435074604
3, [2.4611877  1.56442056], 1.5511997665962465
4, [2.50617245 1.56414078], 2.661188768149739
1, [1.69571694 1.40835961], 2.909625744492808
2, [1.47608128 1.73972047], 0.6969592428901819
3, [1.63244972 1.58241947], 0.818887147953011
4, [2.05197496 1.59598738], 2.7518187148284388
1, [1.40494919 1.76412663], 1.8468604364524472
2, [2.35320233 1.39926445], 2.7641182626495255
3, [1.41914273 1.56985359], 1.5659836629935444
4, [2.20874365 1.4021668 ], 0.6780657634232616
1, [1.47357845 1.70079127], 1.7164294649113732
2, [2.31776365 1.63524168], 1.954543277159397
3, [1.84008489 1.43149368], 1.3672780895947616
4, [2.31361555 1.57241755], 1.9953639490127688
1, [1.77126157 1.76537603], 1.024143270001118
2, [1.67594637 1.56609994], 2.705794682160814
3, [2.59923185 1.48939988], 1.0963403774863354
4, [2.50988159 1.55570484], 2.2019787334184096
1, [1.73154236 1.52496527], 3.0831542139303125
2, [2.37807308 1.72463005], 1.3071393951975783
3, [1.54738665 1.47176028], 2.1957109441391416
4, [1.69961225 1.44140471], 0.009859034138545985
1, [1.43770418 1.65994199], 1.8482133352053323
2, [1.47482508 1.64263444], 0.9335276191621744
3, [2.39854254 1.56867276], 2.697377034808885
4, [2.45719136 1.50208829], 1.1880855510994828
1, [2.21625066 1.54969466], 0.0022968356178413997
2, [1.85903802 1.56335661], 1.9161109389406978
3, [1.75144922 1.5453712 ], 1.5214976216111127
4, [1.90147934 1.52490296], 1.440958937498745
1, [2.25811994 1.7015586 ], 0.4205763498784385
2, [1.99964368 1.50176876], 2.8979365209918297
3, [2.19451561 1.5634381 ], 1.055457976258293
4, [2.20833677 1.44518885], 3.13350763837425
1, [1.65845597 1.69735276], 0.3719178949238749
2, [1.69082498 1.52481534], 0.09949553775013473
3, [1.58293288 1.40248447], 0.8698855470534579
4, [2.46033279 1.56039817], 1.0301700450824995
1, [2.17055857 1.36923019], 3.1322690207085913
2, [2.32460136 1.47000731], 2.632132954829417
3, [2.43787658 1.4156057 ], 2.166652416884376
4, [2.28770459 1.40823396], 2.4609441668860734
1, [2.20540319 1.66362923], 1.6466711639454015
2, [2.27689034 1.50183131], 2.748239755371504
3, [1.50182662 1.51419496], 2.7513109152890807
4, [2.49705979 1.48261979], 2.2099319459630102
1, [1.25222246 1.61362517], 2.6652289187897247
2, [1.75409321 1.53333614], 2.4793083215023937
3, [2.5229665  1.47107568], 0.2889341985012905
4, [2.45943212 1.44125068], 0.06994593676466843
1, [1.47622297 1.68663606], 0.9419535258183297
2, [2.35470042 1.7430826 ], 0.5248223255487305
3, [2.53803225 1.41775936], 1.3589531131171193
4, [2.36255602 1.55971253], 2.594188123298556
1, [1.76474333 1.39492542], 3.1157986092243015
2, [2.36925609 1.70312267], 0.8992855392675894
3, [1.6348481  1.46808026], 1.3562319909275726
4, [2.07904263 1.48802567], 2.8358726956088587
1, [1.55272441 1.53673366], 2.84032295252831
2, [2.29018973 1.49464973], 2.1102490082618215
3, [2.20490864 1.58136927], 0.4000590872538735
4, [1.75269435 1.48367513], 1.241383513539288
1, [2.20424636 1.62680992], 1.3876429970850201
2, [1.45728364 1.65785772], 2.0684797862999873
3, [1.76719812 1.42413953], 1.330377717291196
4, [1.69717666 1.44542262], 0.6526270941618981
1, [2.43188748 1.68506044], 1.139514166197648
2, [1.30805589 1.57033769], 1.8695263410256722
3, [2.49745833 1.5827055 ], 0.21024642593621015
4, [1.96418617 1.59316925], 2.344884330546409
1, [2.40888488 1.60938294], 0.6781162014778058
2, [2.51715716 1.71520875], 1.3449124785204811
3, [2.41167902 1.50329127], 0.6403531471578364
4, [1.72523089 1.55959782], 2.36426726319039
1, [1.74356532 1.77984791], 1.0699860915215005
2, [1.62095293 1.62533801], 2.1999172296651786
3, [2.34745714 1.44680945], 1.496383600356127
4, [1.87016486 1.5421557 ], 0.42726988272340244
1, [1.54453422 1.69567725], 0.8971140272563995
2, [2.62122059 1.68296804], 0.576458511905935
3, [2.33345093 1.49614376], 2.742969843258084
4, [1.74018776 1.59728849], 2.2966061125906863
1, [2.35550688 1.66789682], 2.1537212083428745
2, [1.66142864 1.58377885], 2.2334146022924344
3, [2.2467674  1.53994227], 2.5036245211850905
4, [2.21770902 1.45764155], 2.8642462279304763
1, [1.51773974 1.69778712], 1.70208218651985
2, [2.24730441 1.75866526], 0.49236570284083075
3, [1.86275592 1.40797486], 2.4081133912319754
4, [2.38203771 1.48191394], 1.306945056640016
1, [2.07842673 1.67570903], 1.9177061755346705
2, [2.06739518 1.71580094], 0.9782216707847403
3, [1.71328872 1.45442299], 2.7582381831145324
4, [2.3141308  1.46916694], 0.686935577624443
1, [1.63167091 1.74770014], 1.065008759083312
2, [1.81919873 1.3486025 ], 2.918788096603276
3, [2.06698901 1.40447979], 2.917348045190697
4, [1.65007334 1.47300992], 2.2524565353459556
1, [1.72266396 1.67191472], 0.7103579474946691
2, [1.5139844  1.58076292], 1.7832603487572003
3, [1.40542005 1.43739087], 2.3664119182560457
4, [2.3874271  1.44702129], 0.2982670156581731
