Object | Point o x | point o y | Object pose | SSD
1 1.67 1.54 -0.31 0.000002
2 1.60 1.69 0.09 0.000002
3 2.11 1.45 1.99 0.000120
4 1.72 1.49 0.73 0.000013
3 1.69 1.74 -0.88 0.000411
2 1.44 1.51 -0.68 0.000004
3 1.58 1.43 0.45 0.000011
4 2.04 1.42 2.73 0.000265
1 2.21 1.72 1.95 0.000002
2 2.31 1.63 -0.82 0.000002
3 1.47 1.59 0.04 0.000009
4 2.19 1.44 0.01 0.000003
1 1.68 1.67 1.00 0.000003
2 2.48 1.63 0.99 0.000003
3 1.56 1.43 1.68 0.000007
4 2.23 1.58 1.95 0.000015
1 2.36 1.61 1.69 0.000002
2 2.29 1.58 0.91 0.000002
3 1.90 1.52 0.29 0.000003
4 1.44 1.55 1.90 0.000008
1 1.64 1.69 0.62 0.000105
2 2.36 1.46 -0.11 0.000003
3 1.77 1.59 1.75 0.000440
4 2.42 1.41 2.02 0.000030
1 1.92 1.67 1.16 0.000004
2 2.62 1.74 0.63 0.000002
3 1.79 1.43 0.03 0.000060
4 1.44 1.41 3.11 0.000306
1 1.71 1.58 1.83 0.000001
2 2.73 1.64 0.02 0.000002
3 2.04 1.46 0.61 0.000038
4 2.20 1.50 2.46 0.000475
1 1.93 1.55 2.24 0.000002
2 1.86 1.60 0.53 0.000004
3 1.83 1.45 0.19 0.000013
4 1.49 1.51 2.97 0.000409
1 2.29 1.78 1.42 0.000000
2 2.37 1.76 1.17 0.000001
3 2.54 1.54 1.18 0.000054
4 1.60 1.52 1.11 0.000465
1 2.04 1.61 -0.84 0.000002
2 1.95 1.70 0.30 0.000004
3 2.51 1.45 1.47 0.000001
4 2.12 1.48 1.91 0.000006
1 1.80 1.58 0.10 0.000002
2 2.59 1.59 0.97 0.000001
3 2.02 1.54 2.18 0.000043
4 1.97 1.49 2.97 0.000242
1 2.12 1.64 1.86 0.000003
2 1.69 1.64 0.54 0.000002
3 1.68 1.45 2.84 0.000022
4 2.33 1.47 1.59 0.000005
1 1.29 1.65 2.15 0.000004
2 2.11 1.75 0.78 0.000003
3 2.07 1.41 1.59 0.000026
4 1.74 1.42 1.60 0.000011
1 1.69 1.52 -0.45 0.000001
2 1.83 1.70 1.15 0.000002
3 1.47 1.56 1.09 0.000086
4 2.00 1.55 0.03 0.000005
1 2.76 1.70 0.27 0.000004
2 2.15 1.55 2.08 0.000002
3 1.46 1.52 1.02 0.000126
4 1.50 1.48 1.50 0.000011
1 2.27 1.59 -0.75 0.000037
2 2.20 1.63 1.38 0.000000
3 1.70 1.54 0.74 0.000023
4 2.55 1.57 2.39 0.000001
1 2.14 1.52 -0.57 0.000024
2 1.56 1.63 2.25 0.000004
3 1.64 1.55 2.92 0.000022
4 2.15 1.50 2.07 0.000010
0 0.00 0.00 0.00 1000.000000
2 1.95 1.42 -0.65 0.000003
3 2.55 1.54 0.49 0.000038
4 2.31 1.55 0.69 0.000006
1 1.40 1.69 1.49 0.000002
2 1.87 1.56 -0.68 0.000001
3 2.13 1.45 0.60 0.000023
4 1.60 1.49 3.00 0.000006
1 2.12 1.55 -0.65 0.000092
2 2.51 1.76 1.16 0.000002
3 1.72 1.55 0.80 0.000008
4 2.09 1.41 0.76 0.000015
1 2.30 1.65 1.45 0.000002
2 1.71 1.62 1.42 0.000002
3 1.96 1.59 1.74 0.000015
4 1.77 1.53 2.21 0.000015
1 2.20 1.56 2.01 0.000002
2 1.76 1.61 1.20 0.000001
3 1.92 1.42 1.06 0.000043
4 1.48 1.54 1.88 0.000009
1 2.03 1.69 0.83 0.000002
2 2.12 1.69 0.56 0.000004
3 1.55 1.46 0.01 0.000008
4 1.55 1.50 1.96 0.000002
0 0.00 0.00 0.00 1000.000000
2 1.77 1.63 2.12 0.000001
3 2.46 1.56 1.55 0.000219
4 2.51 1.56 2.66 0.000003
1 1.70 1.41 -0.23 0.000003
2 1.47 1.74 0.70 0.000106
3 1.63 1.58 0.82 0.000027
4 2.05 1.60 2.75 0.000435
1 1.41 1.76 1.85 0.000003
2 2.35 1.40 -0.38 0.000002
3 1.42 1.57 1.57 0.000017
4 2.21 1.40 0.68 0.000005
1 1.47 1.70 1.72 0.000001
2 2.32 1.63 1.95 0.000002
3 1.84 1.43 1.36 0.000072
4 2.31 1.57 1.99 0.000002
1 1.76 1.77 1.02 0.000487
4 1.50 1.54 -0.03 0.000400
3 2.60 1.49 1.10 0.000013
4 2.51 1.55 2.20 0.000024
1 1.73 1.52 -0.06 0.000054
2 2.38 1.72 1.31 0.000002
3 1.55 1.47 2.19 0.000055
4 1.70 1.44 0.01 0.000005
1 1.44 1.66 1.85 0.000005
2 1.47 1.64 0.93 0.000003
3 2.40 1.57 2.70 0.000002
4 2.46 1.50 1.18 0.000037
1 2.22 1.55 0.00 0.000006
2 1.86 1.56 1.91 0.000002
3 1.75 1.54 1.52 0.000033
4 1.90 1.52 1.44 0.000001
1 2.26 1.70 0.42 0.000001
2 2.00 1.50 -0.24 0.000002
3 2.19 1.56 1.06 0.000034
4 2.21 1.44 3.13 0.000004
1 1.66 1.70 0.37 0.000003
2 1.69 1.52 0.10 0.000003
3 1.58 1.40 0.87 0.000039
4 2.46 1.56 1.03 0.000005
1 2.17 1.37 -0.01 0.000003
2 2.32 1.47 -0.51 0.000003
3 2.44 1.41 2.17 0.000011
4 2.29 1.41 2.46 0.000003
1 2.21 1.66 1.65 0.000002
2 2.28 1.50 -0.39 0.000001
3 1.50 1.51 2.75 0.000009
4 2.50 1.48 2.21 0.000008
1 1.25 1.61 -0.48 0.000000
2 1.75 1.53 -0.66 0.000002
3 2.52 1.47 0.29 0.000028
4 2.46 1.44 0.07 0.000002
1 1.48 1.69 0.94 0.000002
2 2.35 1.74 0.53 0.000001
3 2.54 1.42 1.36 0.000078
4 2.36 1.56 2.59 0.000401
1 1.76 1.39 -0.03 0.000002
2 2.37 1.70 0.90 0.000000
3 1.64 1.47 1.36 0.000015
4 2.08 1.49 2.84 0.000003
1 1.55 1.54 -0.30 0.000002
2 2.29 1.49 2.11 0.000003
3 2.20 1.58 0.40 0.000013
4 1.75 1.48 1.24 0.000015
1 2.20 1.63 1.39 0.000003
2 1.46 1.66 2.07 0.000003
3 1.77 1.42 1.33 0.000027
4 1.70 1.44 0.66 0.000007
1 2.43 1.68 1.14 0.000002
2 1.31 1.57 1.87 0.000002
3 2.50 1.58 0.21 0.000016
4 1.96 1.59 2.35 0.000007
1 2.41 1.61 0.68 0.000006
2 2.52 1.71 1.34 0.000002
3 2.41 1.50 0.64 0.000034
4 1.72 1.56 2.37 0.000404
1 1.74 1.78 1.07 0.000003
2 1.62 1.63 2.20 0.000001
3 2.35 1.44 1.49 0.000033
4 1.87 1.54 0.43 0.000007
1 1.54 1.70 0.90 0.000002
2 2.62 1.68 0.58 0.000003
3 2.33 1.50 2.74 0.000001
4 1.74 1.60 2.29 0.000017
1 2.36 1.67 2.15 0.000002
2 1.66 1.58 2.27 0.000018
3 2.25 1.54 2.50 0.000013
4 2.22 1.46 2.87 0.000006
1 1.52 1.70 1.70 0.000004
2 2.25 1.76 0.49 0.000003
3 1.86 1.41 2.41 0.000476
4 2.38 1.48 1.30 0.000003
1 2.08 1.67 1.92 0.000003
2 2.07 1.71 0.98 0.000003
3 1.71 1.45 2.76 0.000030
4 2.31 1.47 0.69 0.000009
1 1.63 1.75 1.07 0.000001
2 1.82 1.35 -0.22 0.000002
3 2.07 1.40 2.92 0.000061
4 1.65 1.47 2.25 0.000208
1 1.73 1.67 0.71 0.000073
2 1.51 1.58 1.79 0.000001
3 1.40 1.44 2.37 0.000073
4 2.39 1.45 0.30 0.000009
