Object | Point o | Object pose
1, [1.44403225 1.5339643 ], 2.9973175452626135
2, [2.10636146 1.52582052], 1.9950204838123073
3, [1.58717662 1.46217347], 2.6726321785913596
4, [1.80252152 1.5883633 ], 3.04342637089802
1, [1.63922077 1.72330585], 0.7403229984292043
2, [2.10383341 1.68508445], 1.8498571310258731
3, [2.27240666 1.51553705], 2.614410180761029
4, [1.80747831 1.50279941], 1.745164362245292
1, [1.70993392 1.64833429], 2.2736486611681825
2, [1.8407405  1.65439207], 0.9305270370475859
3, [1.83861979 1.4255815 ], 2.9149486741196067
4, [2.14041583 1.57972208], 0.8180276876773106
1, [2.51492403 1.6200756 ], 0.7860735186599311
2, [1.3058243  1.59799447], 2.0660017148710126
3, [1.45287651 1.56827996], 2.3945641991171938
4, [2.28472395 1.53036727], 0.276928835534155
1, [1.81362371 1.50696851], 0.03746968456627129
2, [2.39867466 1.70928815], 1.5737179760255986
3, [1.71441621 1.52659461], 2.4976593152130837
4, [2.32434595 1.58142648], 1.2348740980383643
1, [1.78391764 1.6524861 ], 0.8046887033184774
2, [1.81927496 1.34120651], 3.057122518168889
3, [2.44560345 1.4849733 ], 1.9560709652646888
4, [2.11277373 1.50704585], 0.25270692574905435
1, [1.70851526 1.79010995], 0.8551436664387637
2, [1.78439629 1.64190549], 2.2037752691624197
3, [2.19754813 1.47519017], 2.4283928278285023
4, [2.08385707 1.56915246], 0.87467041878152
1, [1.74464437 1.58083277], 2.462125968155668
2, [2.47675043 1.66859041], 0.7379198736364231
3, [1.55328689 1.49617789], 0.42064757831058464
4, [2.56632294 1.55067167], 1.7331807004833384
1, [1.85005122 1.71805536], 1.2427580651470842
2, [1.73537223 1.75634693], 1.3044001105806073
3, [1.51026493 1.52299596], 2.218893638962218
4, [1.77483232 1.48531682], 0.6076927334321068
1, [2.25122934 1.51331296], 2.957520237368737
2, [1.86827787 1.58442623], 1.9901914439460935
3, [2.37780822 1.44438101], 2.2788870855745915
4, [1.79301069 1.50953759], 0.21250620721072663
1, [2.11718724 1.56877419], 2.82777456689868
2, [1.40468492 1.47634695], 2.7287475627143936
3, [2.24649908 1.59013726], 2.8611512873274245
4, [2.05599935 1.54292798], 2.8659823612259756
1, [1.6490177  1.72413218], 1.5013687269677825
2, [1.24462206 1.50806603], 2.440266729548543
3, [1.93771875 1.48027376], 0.27460890356931095
4, [1.70883877 1.47954954], 3.087292435864148
1, [2.17612397 1.6788647 ], 1.3656449838820037
2, [1.58617748 1.69459431], 0.9791084248572072
3, [2.1157524  1.42261391], 2.3225580051191623
4, [1.66440502 1.59196317], 0.12198585093944272
1, [2.27591245 1.47333068], 3.101677732818954
2, [1.7684482 1.5347505], 1.8267630089551945
3, [2.27216574 1.45344142], 1.587096646219632
4, [2.08181781 1.43088466], 0.5129694711370022
1, [1.9843473  1.42114408], 2.853018736972535
2, [2.42016761 1.66824205], 1.5846680597101865
3, [1.59125122 1.44153219], 0.7191230521723995
4, [1.68136262 1.46542207], 1.3951769636348283
1, [1.30065708 1.59880294], 1.8927601935292553
2, [2.36326791 1.65109031], 1.510696962377466
3, [2.56941595 1.54257017], 0.9014390711935764
4, [1.51482359 1.50621661], 0.9019203660545358
1, [1.40849586 1.67039949], 1.212854124905348
2, [1.77254375 1.58447127], 0.034650567525268586
3, [2.17753643 1.45407398], 2.658231018056726
4, [2.51649798 1.44300133], 1.826932476586758
1, [2.37872945 1.73528379], 2.0011565154536592
2, [1.57693746 1.68535289], 0.4803708361288052
3, [1.86696541 1.43505664], 2.2392610720725385
4, [1.64488356 1.49761552], 0.19067247672929022
1, [1.29911198 1.57160444], 2.280886603871166
2, [1.97803127 1.58410153], 2.4444099765239313
3, [1.6205471  1.51152754], 1.6962406519724504
4, [1.86994549 1.57042108], 2.2689258153519023
1, [2.30851432 1.7488164 ], 1.683934493275021
2, [2.15724591 1.54280362], 2.2028790710633634
3, [2.29405201 1.55188556], 0.10746837192385877
4, [1.85196099 1.46602509], 1.6326090636727697
1, [2.05958486 1.6857379 ], 0.06230782200861461
2, [2.38156118 1.46443319], 2.978704377718026
3, [1.50241528 1.55876672], 0.8664286040594678
4, [1.71754414 1.49605708], 0.027015126095125158
1, [1.57022103 1.51959081], 2.767490575738379
2, [1.63640414 1.54272168], 0.3242784359402045
3, [1.94570102 1.59284783], 2.151197199802463
4, [2.1329409  1.41359282], 1.2104546672624126
1, [1.94309712 1.6980278 ], 0.8199052699100862
2, [2.33814356 1.59520119], 1.8922387359940476
3, [1.55139412 1.58467923], 2.588255830274261
4, [2.1986733 1.5890622], 1.625444336203704
1, [1.69708002 1.62025045], 0.7699816358609443
2, [1.35249459 1.72146702], 1.7500860631215982
3, [1.6723643  1.42613971], 2.6529277913235334
4, [2.2438586  1.45656781], 1.0788403879666415
1, [2.06086974 1.56552457], 2.102966693236089
2, [2.19651454 1.37359253], 2.8639930396410413
3, [2.0093092  1.55053084], 1.537428593844805
4, [2.39669802 1.40965138], 0.8870210527350513
1, [2.06196609 1.62687698], 0.7149035195425563
2, [1.87450843 1.60148758], 2.507022013353448
3, [2.27151018 1.58038031], 2.989627198380892
4, [2.35494752 1.45984551], 0.4638146068696579
1, [2.44851201 1.65278745], 0.9917896095380454
2, [2.10836762 1.48529877], 2.471313807895365
3, [2.45986566 1.40971933], 0.7862146391980663
4, [1.89434324 1.54042849], 1.0543899178445792
1, [2.36723    1.43976145], 2.7565231378399457
2, [1.77438724 1.75139218], 0.8665437568247034
3, [2.10748513 1.57907417], 1.2254033782082951
4, [1.54460494 1.50718732], 2.666595926175163
1, [1.96521085 1.42619279], 2.7447194193329727
2, [1.9270795  1.73491567], 0.28194191092934157
3, [2.44407502 1.53244206], 1.5478449374827403
4, [1.47874988 1.4720682 ], 0.7859536338267392
1, [1.26351735 1.51296794], 2.9744411015085594
2, [2.36952004 1.70680248], 0.08968260685744806
3, [1.56098949 1.54060372], 1.8456057451024965
4, [2.43789289 1.43265922], 1.3512337299452921
1, [2.24836391 1.72780105], 1.8413482764798101
2, [2.40859866 1.30385279], 3.13355118481479
3, [2.51452488 1.49636202], 0.6665093451517403
4, [1.43476645 1.48479638], 2.468122830974903
1, [1.54793639 1.60961589], 2.5542562149298513
2, [2.12513634 1.56907755], 2.270016704122681
3, [1.52001456 1.59815565], 1.0504128321271704
4, [2.26904934 1.49913514], 1.9704414150389817
1, [2.38780678 1.560334  ], 0.4737369327939364
2, [2.19411786 1.63261836], 0.26950835982621807
3, [1.55278347 1.54815984], 0.5752619219278667
4, [2.58739146 1.45266208], 0.8043424444359126
1, [2.55338941 1.59197979], 0.7009808110853034
2, [2.41512725 1.43483566], 2.4600481093628597
3, [1.66086454 1.40809612], 2.0143457512062812
4, [2.53852788 1.54368098], 2.9879979865187307
1, [1.85952322 1.47089597], 2.4658293733070025
2, [2.04551995 1.51629999], 2.4326089463890117
3, [2.33446652 1.4777216 ], 3.103768762814423
4, [2.14000277 1.58226616], 0.22302360928399584
1, [1.57182915 1.7398168 ], 1.0355170400038887
2, [1.34505629 1.37042607], 3.008812730058786
3, [1.90705774 1.53397477], 1.8617226393705055
4, [1.62701851 1.4064353 ], 2.1473784997129064
1, [2.76499298 1.6892344 ], 0.32923424560393055
2, [1.91264741 1.57408724], 1.8632848683507979
3, [1.59773304 1.43089172], 2.841276941910469
4, [2.19833499 1.50060768], 1.6939439627649793
1, [2.05682845 1.58985487], 2.142686281376407
2, [2.04858955 1.50319726], 2.1353760819624914
3, [2.19733821 1.44623146], 0.3217952529896836
4, [1.48940975 1.584575  ], 2.992952087719122
1, [1.93420239 1.59701392], 2.641584916324039
2, [2.30330191 1.52795932], 0.03299683495419058
3, [2.13318532 1.5798723 ], 1.8736458006900398
4, [1.86685893 1.46022997], 1.507349428794355
1, [2.36823194 1.53948318], 2.6229833349766416
2, [2.17710582 1.65779484], 1.173528642368992
3, [2.34977299 1.52101212], 2.849406738743428
4, [1.52172405 1.42220618], 1.1161917834972235
1, [1.52681758 1.64780329], 1.2074307082222953
2, [1.66603132 1.66470261], 0.044875601473519065
3, [1.7567622  1.52885141], 2.5205817526978964
4, [2.37826535 1.46201183], 1.4841509919132923
1, [2.43919854 1.59687565], 0.2642045396081728
2, [2.08120947 1.62640401], 1.6228199642183005
3, [1.61737464 1.414404  ], 0.7633874919788012
4, [1.77991654 1.56114073], 2.819967145029765
1, [2.18121022 1.72785663], 1.690669669065518
2, [2.2425115  1.59282732], 0.7620683950432738
3, [1.67362258 1.42464494], 2.978633181744203
4, [1.97090829 1.51030229], 1.081377596235802
1, [1.99581068 1.64369931], 2.099727445969241
2, [2.24504862 1.72156903], 1.2123063893271926
3, [2.51481875 1.42312915], 1.4250653566950242
4, [1.99245142 1.56139925], 2.7185533465442457
1, [2.53114127 1.73831193], 0.3870463494542336
2, [2.11013279 1.55476132], 1.6544589106372232
3, [2.02547422 1.50301283], 0.6776825421015819
4, [2.01168132 1.46631242], 2.4954962800406615
1, [2.26541465 1.63957315], 2.286032702086028
2, [2.40994251 1.67019918], 0.20188298066839827
3, [2.04292443 1.53499758], 1.7776651650606308
4, [2.54099086 1.52061351], 2.852333360923487
1, [2.39052304 1.64210815], 2.3616856376196167
2, [1.66830673 1.6390181 ], 0.2221516801487476
3, [2.27351079 1.41125574], 0.0033193219765720295
4, [2.54554821 1.4216461 ], 1.4033335869792503
1, [1.47586862 1.5096529 ], 3.101203326077553
2, [1.23513719 1.59449016], 2.3690780973250907
3, [1.51369872 1.5066961 ], 2.9700206600169534
4, [1.88409895 1.51801629], 1.0305988246534885
1, [1.9314148  1.49338996], 2.372393368926824
2, [2.12095905 1.57692044], 0.27605363865349053
3, [2.29789191 1.53574311], 1.2169883908883343
4, [1.57563475 1.41055612], 0.5164006494963351
1, [1.97207452 1.54935493], 2.065574454729849
2, [1.44856827 1.59488972], 1.5964116208052064
3, [2.12056584 1.54990157], 2.4049620305636634
4, [2.30474637 1.59603369], 0.33516908784765753
