Object | Point o | Object pose
1, [1.52387451 1.67033317], 1.2259654516137115
2, [1.62860984 1.76610489], 1.1693718541817613
3, [1.56643849 1.54126015], 0.9059335836226063
4, [2.17057622 1.56992069], 2.8166327688955173
1, [2.16386129 1.61368587], 1.027568009634701
2, [1.48416046 1.53559092], 2.2069454595477094
3, [1.49909017 1.47114429], 1.715796048396135
4, [1.52169888 1.51219095], 2.0019847775674178
1, [1.79363878 1.77389074], 1.2879785639051733
2, [1.65880615 1.64285394], 0.42981191950530806
3, [2.28945845 1.55331093], 2.65773570443013
4, [1.72497887 1.49257907], 1.8873135544668054
1, [1.81813325 1.61635142], 0.5162596142811071
2, [2.64490574 1.57976306], 0.11689981457652902
3, [1.49622196 1.55076045], 2.823753140626389
4, [2.470835   1.42860884], 1.6485089092409102
1, [1.37427618 1.78230864], 1.5259553324674133
2, [1.63583713 1.60851326], 0.8907892386703357
3, [1.7100403  1.53423339], 1.3796977783970743
4, [1.76475427 1.46850824], 3.009923064180398
1, [1.68368678 1.6709155 ], 0.5373131959024738
2, [1.75634565 1.60192535], 1.346199909500676
3, [2.19052347 1.41212851], 1.0208022008691848
4, [2.41501675 1.43329406], 2.35597545300222
1, [2.2397064  1.64647434], 2.1261238008261847
2, [2.32850353 1.57491699], 1.2656192292630326
3, [2.08670002 1.42150728], 2.6586437004033865
4, [2.12569802 1.59812398], 1.095745200294755
1, [2.2836633  1.72343886], 1.7145883072696777
2, [2.44857888 1.6858115 ], 0.918733416887946
3, [2.25320109 1.51581469], 2.0351824027357703
4, [2.52147266 1.41526619], 2.366757437630488
1, [2.56424719 1.75457432], 1.0842823489724143
2, [2.28253638 1.58733453], 0.40348500128093584
3, [2.49642238 1.53654225], 2.6367130386011914
4, [2.38923568 1.5150675 ], 2.570702186955529
1, [2.55826441 1.68015851], 0.23116415899861967
2, [2.32480923 1.63372551], 0.14924965587909397
3, [1.95810692 1.55987371], 2.540555922726124
4, [2.01795042 1.47183109], 2.134352243202815
1, [2.0521925  1.50698291], 3.0966983327494138
2, [2.17447112 1.75174987], 1.1610674467107742
3, [1.55975677 1.50065411], 2.9466442222840574
4, [2.58850362 1.45255111], 0.8428217518755412
1, [1.80462502 1.71157446], 1.2302263713326234
2, [1.66979505 1.61424886], 1.6985296909036713
3, [1.75614782 1.41379729], 2.2798137324336922
4, [1.81445661 1.48086033], 0.20966503092903727
1, [1.74830707 1.60415333], 2.242368341334551
2, [1.5465387  1.42143082], 2.936882929029585
3, [2.09834919 1.56114844], 3.1189348426781525
4, [2.30575593 1.43504743], 3.1335990295253544
1, [2.38741907 1.61708172], 0.45654826018317063
2, [1.29795927 1.61508047], 1.989855953699812
3, [1.57163107 1.47507021], 0.6325102933560498
4, [2.23523574 1.4709606 ], 0.972463180044231
1, [2.71353933 1.52570764], 0.15513748681116962
2, [2.25464093 1.64811692], 1.633442186587054
3, [1.48524398 1.55132894], 2.545900254602066
4, [1.44202788 1.51698765], 0.5481888264692496
1, [1.5773812  1.67104776], 0.2778887033542236
2, [2.06588847 1.55797075], 1.6397600367637102
3, [2.06258573 1.59837139], 1.619285228888014
4, [1.73749985 1.40231921], 2.5954634150880693
1, [1.74015596 1.68152125], 0.732524487956421
2, [1.68966918 1.48979011], 2.09230964598481
3, [1.81226321 1.45945658], 2.1153320655473
4, [1.6664385  1.47772588], 0.8334433139181395
1, [1.28604352 1.65704574], 2.153821124610511
2, [1.77782839 1.41526994], 2.7751771539053145
3, [1.53741922 1.4342117 ], 0.8015951509286913
4, [2.42828849 1.56321005], 2.4862385761953854
1, [1.40631106 1.61550201], 1.4227302221047926
2, [1.78646741 1.69901741], 1.5419718948793135
3, [1.93131473 1.58023939], 2.561438589969015
4, [2.00711453 1.41783365], 0.45311644206598517
1, [1.73915681 1.62306126], 0.4573102352545277
2, [1.52000214 1.646411  ], 0.32632966299873434
3, [2.10721753 1.55995908], 2.2081218302205015
4, [1.54196526 1.40858157], 1.2923678443169437
1, [1.45251284 1.4550655 ], 2.6873577159183752
2, [2.24417516 1.57932309], 0.7032272742597027
3, [2.59040483 1.42678203], 1.2138041993733668
4, [1.62134517 1.44151834], 0.6543301418275292
1, [2.07955841 1.64835098], 0.627143342238789
2, [2.34727066 1.51056848], 2.1561247738739024
3, [1.47026646 1.56419721], 1.8433609193322942
4, [1.46038483 1.49512814], 2.4897186280957326
1, [1.37142689 1.70115569], 1.4114576915616504
2, [1.66448168 1.44891482], 2.889486079632703
3, [1.44428029 1.41627133], 2.569081446738005
4, [2.33121646 1.4202718 ], 2.672017816694937
1, [1.27417426 1.5811728 ], 2.0247330099756247
2, [2.12208981 1.51456441], 2.4856766507005617
3, [1.73887195 1.530932  ], 2.723580818289512
4, [2.09202783 1.5125616 ], 2.0464323126521937
1, [1.71487266 1.66329592], 1.4304355254861953
2, [2.11326279 1.53073487], 0.023361315590602023
3, [2.18114775 1.45055517], 2.7922664470667624
4, [1.83252935 1.42654106], 0.3436119289986162
