Object | Point o | Object pose
1, [2.44967722 1.51205202], 0.1560888098778596
2, [2.16295421 1.62870535], 1.7446147268578425
3, [2.22377128 1.40681463], 2.197515072935185
4, [2.09977349 1.52214049], 1.5957405317547286
1, [1.9757767  1.43158195], 3.0863456040132666
2, [1.65491418 1.77196127], 1.1368463188839342
3, [1.63264729 1.42078396], 1.0047962601946976
4, [1.54045716 1.485272  ], 0.23653370880729227
1, [2.09349248 1.49068143], 2.744868257998528
2, [1.25861342 1.53942335], 2.063174679082452
3, [1.86360968 1.46840006], 0.01951949612397831
4, [2.4850426  1.57394607], 1.5688173989834944
1, [2.65122218 1.76510601], 0.6390196476628229
2, [2.48881035 1.71013752], 1.329185875781257
3, [1.42030879 1.46055084], 1.2090819317271326
4, [2.44646153 1.58960816], 0.48269774894847395
1, [1.40564022 1.67237101], 1.8520386257668948
2, [2.03462406 1.7754374 ], 1.0808991963017522
3, [2.28835737 1.40720937], 2.88376570675597
4, [2.31529621 1.57692659], 1.7943148289937667
1, [2.52846015 1.69149117], 1.2637822210500589
2, [1.76669932 1.63811751], 1.479138558880701
3, [1.9164424  1.57260778], 1.2429832757323196
4, [2.03045637 1.49654285], 0.15469960734972724
1, [1.57325805 1.61880613], 1.404904673962836
2, [1.83999051 1.73601254], 1.2572416783951341
3, [1.42432919 1.47400315], 2.2595824106503817
4, [2.05264518 1.53528872], 1.8484806901014463
1, [2.30019229 1.59350162], 2.0239688673145233
2, [2.0592376  1.60126446], 0.7587005864396968
3, [1.83115901 1.55854721], 0.8696740533040868
4, [2.59551803 1.44268523], 2.549082848053698
1, [1.2680941  1.69620743], 2.0694700590695465
2, [1.55785499 1.75148887], 1.058196391031766
3, [1.79114785 1.5739505 ], 2.666733288788157
4, [1.50486963 1.45861401], 2.0695498708285367
1, [1.70645092 1.36101988], 2.96930839583605
2, [1.77802509 1.54573553], 1.8334561515147179
3, [2.00692331 1.41905527], 0.3269815073842631
4, [2.14396115 1.53062578], 0.8661120615308141
1, [2.34647118 1.7108601 ], 1.3454653705006945
2, [1.67017638 1.73683535], 0.5118254888369914
3, [1.60760915 1.41986335], 1.6572707753533065
4, [1.43839552 1.50011883], 0.35012814894620775
1, [2.21406591 1.7600382 ], 1.5468560210018838
2, [1.86854319 1.55200889], 1.7597465642890409
3, [2.5119038  1.49345507], 0.7093768926569484
4, [1.44595225 1.55325043], 1.7492960306730299
1, [1.43424349 1.60082543], 1.784032932234332
2, [2.08632013 1.68378798], 0.4760631153707958
3, [1.71371    1.46085331], 0.6025839222187017
4, [2.41251587 1.46206307], 2.5205025889808423
1, [1.26187034 1.43623726], 2.7343543584069097
2, [1.94155883 1.68785236], 1.0393723334440264
3, [2.30523174 1.57214717], 1.7585142712222308
4, [2.5525057  1.43489625], 1.2777599063760892
1, [1.83846675 1.69862818], 1.7645304302671736
2, [1.82850052 1.56551952], 2.0332336573657814
3, [2.07406719 1.47996353], 0.15630511603498135
4, [2.31491316 1.44075422], 1.6261361698347996
1, [1.76571021 1.77880171], 0.707769169644507
2, [1.85927569 1.59128617], 2.2321875834744493
3, [1.7928923  1.54808764], 1.5928085886812238
4, [2.23112808 1.56628516], 0.5016863899842023
1, [1.65024181 1.69694123], 2.141972582926088
2, [2.3336432  1.35266725], 2.9943520741994174
3, [1.87097464 1.54065222], 0.3041306626486355
4, [2.49737048 1.53835451], 2.983911591249346
1, [2.05170155 1.69046552], 0.4309431578181725
2, [2.1085371  1.71007244], 1.6926536774392944
3, [2.47906598 1.44477452], 1.896061104945039
4, [2.19316455 1.59583089], 1.8046623794882561
1, [1.30027143 1.45435036], 2.8387727864191357
2, [1.27267636 1.52832699], 1.9829195935211983
3, [1.8873189  1.43414723], 1.7531160372280312
4, [2.58176946 1.56978322], 1.591500851780353
1, [1.37382196 1.72392316], 1.4615253958874665
2, [1.94516134 1.60734699], 1.256233875184313
3, [1.53270059 1.53188577], 0.5444041743299253
4, [1.56541257 1.58914013], 1.0199946168556002
1, [2.32220717 1.66117223], 1.284165525242653
2, [1.84627028 1.68393166], 1.6759416802808627
3, [1.86738132 1.42232941], 0.7439976408911622
4, [1.83290111 1.48477279], 0.17550157161972701
1, [1.85375911 1.58736007], 2.3144205411842522
2, [2.35400768 1.43198842], 2.531634588263259
3, [2.2445912  1.40115047], 1.859532445606103
4, [2.20070485 1.43074022], 1.8161206662944167
1, [1.63925351 1.71237432], 1.5595449148454723
2, [2.35414587 1.61730188], 0.9968210538039795
3, [2.45568397 1.45806418], 0.6634567806771564
4, [2.21439399 1.5930113 ], 1.6469917869946589
1, [2.03386529 1.61129095], 0.8169241860717055
2, [1.68472498 1.48384393], 2.487192232978556
3, [1.8144008  1.55497336], 0.7112280899945125
4, [2.52337933 1.51187249], 2.61455047647659
1, [2.13167471 1.74153636], 0.4155234921572789
2, [1.38165193 1.62126617], 1.2077743015859144
3, [2.21335164 1.46533509], 0.18286620739091888
4, [2.41756711 1.47828076], 0.704001853412515
1, [2.16620903 1.75519631], 1.7583807973303067
2, [2.41010758 1.4888854 ], 2.098507800488702
3, [2.51352289 1.54092264], 1.5452094495270143
4, [2.04512946 1.58976693], 2.2504869706007535
1, [2.32851969 1.69912292], 1.8682666746197354
2, [1.38645749 1.49329607], 2.810793771093287
3, [2.38728665 1.46437023], 1.0569760684513712
4, [2.11340111 1.55774566], 1.4597256729440926
1, [1.27804841 1.52223098], 2.976117289537602
2, [2.5031652  1.70239393], 0.027964846470747283
3, [1.63356209 1.41025005], 0.35449044403242397
4, [1.7546817  1.43760015], 2.592561593540993
1, [2.0158393  1.65686505], 0.7236012323550455
2, [2.33072258 1.6108735 ], 0.9724400646752113
3, [2.12013682 1.49409138], 0.6527057638413729
4, [1.81963628 1.56178117], 0.7213123684093855
1, [1.58081324 1.43875101], 2.869646271088932
2, [1.33815594 1.68789331], 1.8022463896666763
3, [2.25330495 1.45483755], 1.1832999901305394
4, [1.75754818 1.48462071], 1.1829615615802105
1, [1.30660435 1.60436217], 2.3531631228567003
2, [2.22862553 1.75224967], 1.0760468473059723
3, [1.8811332  1.58137567], 1.9356658132906184
4, [2.18195027 1.42122567], 2.56428400313262
1, [1.91087285 1.63818047], 2.0636694321351503
2, [2.00052721 1.57775318], 0.5152759214480479
3, [1.9967129  1.43494327], 2.064752696991346
4, [2.23933533 1.54312597], 2.3307120918764515
1, [1.55796091 1.69650952], 0.5424682912604106
2, [1.35359578 1.59723022], 1.870360102699562
3, [2.1226204  1.43586138], 0.8660620415591157
4, [1.77091524 1.59506356], 2.7349556013404235
1, [2.329369   1.70404672], 1.215931296201716
2, [1.87761377 1.43335692], 2.5981987275990517
3, [1.8290347  1.56766582], 0.8638131247387852
4, [2.5593611  1.55599702], 0.09718781776228295
1, [2.04419469 1.73382392], 1.3214744296824454
2, [1.75515397 1.47085767], 2.817090429645066
3, [1.77252069 1.5154791 ], 2.000603143328395
4, [1.90529329 1.58428308], 2.355535599819295
1, [1.33531964 1.46384749], 3.050418595906291
2, [1.89622649 1.63666691], 2.007477637248689
3, [2.12974478 1.47380186], 1.2441974422033655
4, [2.42348161 1.52164328], 3.0784636906380256
1, [2.05511675 1.75493156], 1.8646184584145447
2, [2.53973062 1.63921426], 0.8549893227457696
3, [2.56740771 1.59677093], 0.45813607856372346
4, [2.33466327 1.42147144], 2.6130704694742253
1, [2.45044255 1.8059487 ], 1.1906650287681602
2, [1.9038078  1.63312917], 1.9584315775017354
3, [1.46913246 1.52983202], 1.0513113837975465
4, [1.48911038 1.55226471], 2.242513629197958
1, [1.61442105 1.58425673], 2.061734121481064
2, [1.53129035 1.74915084], 1.2646183156697834
3, [1.5652911  1.59694248], 0.3818514607138098
4, [1.92408698 1.53062854], 0.8129154953126553
1, [1.94768998 1.53005874], 2.6828520978861023
2, [1.93211738 1.59809095], 0.43467008907185717
3, [2.44207063 1.54911841], 1.8611890877879071
4, [2.47011021 1.51991205], 0.03153639786173791
1, [1.92317385 1.48337038], 3.026645845031342
2, [2.28292752 1.69047769], 0.7209573128887624
3, [1.64985355 1.49375244], 2.667465541789637
4, [2.3079955  1.49256179], 1.0798925504599741
1, [1.49930182 1.61356587], 1.1711722207234974
2, [1.64638012 1.64290067], 2.23891530614662
3, [2.08348147 1.51042792], 0.47716305690206984
4, [1.94324878 1.55703507], 0.34391296541372846
1, [1.70347783 1.57634457], 0.0274363193044828
2, [1.48455419 1.68393754], 1.0502648030656083
3, [2.40023018 1.50362769], 2.540815884455225
4, [1.63652773 1.55809285], 0.4444864579239079
1, [2.19332167 1.67714914], 1.5149674528872927
2, [1.89444902 1.59816393], 1.8396426216426836
3, [1.87315255 1.46682302], 0.1265163592894418
4, [2.32730422 1.51442599], 1.7018169306049629
1, [1.8685747  1.62644376], 0.5052234841259962
2, [2.02500493 1.6515705 ], 0.1656583439178165
3, [1.53273692 1.55325608], 2.3796314941033168
4, [1.52499066 1.51574758], 0.5646385837323326
1, [1.58678369 1.33164536], 3.1286477303483387
2, [2.08623522 1.64189179], 0.2500527810220817
3, [1.94638168 1.46347242], 2.280376091981966
4, [1.7983892  1.52165615], 1.5087423724643072
1, [1.84904378 1.58326046], 1.8532393050530116
2, [1.82595297 1.62667749], 2.397367946604858
3, [1.96390418 1.40042789], 3.0793626094302535
4, [1.55007661 1.55492674], 1.5963307699358593
1, [1.95715433 1.58204273], 0.5169322447715168
2, [2.21147049 1.59389943], 2.0437033377145966
3, [1.67992799 1.59137508], 2.6857478710788327
4, [2.17937629 1.56951979], 0.5422988991340117
1, [1.65817725 1.65726472], 0.29006480455826267
2, [2.37815418 1.72292684], 0.7639601344791572
3, [1.88783505 1.47133219], 1.1377100049103437
4, [1.48234347 1.46319559], 2.17369857696997
1, [2.20387577 1.71032291], 1.5696915485082499
2, [1.78686707 1.6250166 ], 1.313167828514896
3, [2.02867525 1.4825367 ], 2.19062169205291
4, [1.95125585 1.40347606], 0.43847817020783925
