Object | Point o | Object pose
1, [1.53784648 1.65448815], 0.9204624292650667
2, [1.57623253 1.47901029], 3.1363798261975764
3, [1.77285001 1.40185271], 2.0013536943184156
4, [2.40828071 1.53326306], 0.8571273607823897
1, [1.6475109  1.55791487], 2.1115780255285546
2, [1.97130664 1.64447108], 2.0140465626673665
3, [1.80301507 1.44791317], 2.863298386437471
4, [1.49927194 1.40575479], 1.7586011833049633
1, [2.0853139  1.69633824], 0.22925148144930982
2, [2.02861559 1.33629219], 3.036217009248277
3, [2.59410147 1.59042548], 1.8886992759499759
4, [1.65922335 1.56090678], 0.290414338276096
1, [1.49375864 1.63435569], 2.526304711208578
2, [1.57633692 1.69160296], 1.63544404349732
3, [2.21646825 1.58007484], 1.695670702515765
4, [2.04841619 1.5086606 ], 0.3878272696121251
1, [2.18173682 1.76889664], 1.7137013705833009
2, [1.39866627 1.58609938], 1.6644215815252519
3, [2.35486534 1.56531424], 1.8852436506916082
4, [2.01584314 1.41417262], 2.0320277670647653
1, [2.21600262 1.64998875], 1.0484690667060645
2, [1.60610617 1.61740064], 2.238163603417406
3, [1.90579951 1.57006782], 3.0415635918557493
4, [2.07345925 1.51145761], 2.52229309274827
1, [1.8207481  1.60027816], 0.3941830571157303
2, [2.07273144 1.6660468 ], 1.9527533526529124
3, [2.44216846 1.51325226], 3.1264863421684397
4, [2.38306806 1.59065693], 1.1467180191637572
1, [1.34197699 1.68200706], 1.741233514547775
2, [1.43659894 1.76056903], 0.9743484071538221
3, [1.56455753 1.43545509], 2.284105357279152
4, [2.16610053 1.52488902], 2.926009755164247
1, [2.08281733 1.63210387], 2.6122673593437997
2, [1.53042717 1.40114247], 3.014286971067678
3, [2.27729362 1.46316198], 0.6972397743512462
4, [2.16085879 1.57357348], 1.9686108728583567
1, [1.76388376 1.68786836], 0.1072827201138356
2, [2.34621357 1.6454603 ], 2.0598499290843746
3, [1.86739121 1.47986882], 2.1905052673748657
4, [2.01781503 1.45812009], 1.5160866491709937
1, [2.0807669  1.44742423], 2.6937218474619726
2, [2.15221008 1.69025883], 0.06482206719262233
3, [1.8460234 1.5010262], 2.436446086105667
4, [2.37698094 1.51865469], 1.766664909069313
1, [1.99401255 1.50766609], 2.7180670626150913
2, [2.30311065 1.74371853], 1.4494737197856389
3, [1.892523   1.45974534], 0.3933886435365935
4, [1.95960304 1.4803464 ], 1.4722651853557107
1, [1.41820803 1.54593822], 2.6999069711533434
2, [1.639561  1.6724839], 0.1694516445358013
3, [1.726807   1.45986947], 2.3850808336871974
4, [2.14315144 1.54240623], 1.8372968450678433
1, [1.33664022 1.60224343], 1.744800114884211
2, [2.4393696  1.61302069], 0.3275101540096308
3, [2.37769668 1.56064078], 2.2656490716144306
4, [2.47609672 1.41919541], 1.300690324566361
1, [2.55796044 1.56835233], 0.3336483092418585
2, [1.69952426 1.61420412], 0.882017425224124
3, [1.47285343 1.54947426], 0.4662811408597905
4, [2.23294741 1.41333891], 1.714947782987596
1, [1.35654708 1.62983951], 2.1868818997561847
2, [1.93386072 1.75255341], 0.45931700673074094
3, [2.15217862 1.50373499], 2.087394296249286
4, [2.06696232 1.57831409], 1.9183277203975966
1, [2.18113485 1.50292906], 2.5056385763737397
2, [2.08568566 1.64880478], 1.5371140867074058
3, [2.3032282  1.54332846], 2.07883315396817
4, [2.19028755 1.40990339], 2.2896349222764116
1, [1.8742611  1.76122159], 0.8879552141218009
2, [2.22839238 1.6516744 ], 0.6477998642870861
3, [1.68936137 1.41421138], 3.0237184491037636
4, [2.38780374 1.42788901], 3.0497754971774684
1, [1.32355329 1.55952031], 1.9711566793797501
2, [2.28350841 1.70413111], 0.7819094348326047
3, [1.49356341 1.41097867], 1.3240670714531324
4, [1.74203964 1.42097724], 2.897542602354486
1, [2.33427185 1.60981597], 1.9011679949068918
2, [2.13936796 1.36245187], 3.0555938816895503
3, [1.97795142 1.44725428], 1.4330261964920685
4, [2.55581936 1.52146453], 0.22626832252022416
1, [1.90241669 1.61692272], 1.7811756797917753
2, [1.46683414 1.76549274], 0.6933475777109529
3, [1.64149577 1.51053563], 1.066390273228936
4, [2.27493479 1.59653809], 2.991603023811834
1, [1.87848758 1.55522522], 2.9019447308767066
2, [1.45372548 1.64744047], 1.6442416540844398
3, [2.3627799 1.5236848], 1.5387534776912855
4, [1.7383804  1.56689588], 1.1647347906202083
1, [2.68173348 1.65155974], 0.27180616430435683
2, [2.29652115 1.58856384], 0.05212938285827842
3, [2.20612815 1.5617668 ], 1.6273308021634927
4, [1.47576555 1.44552803], 2.799834471040274
1, [1.58723954 1.72288993], 0.6682498104017401
2, [2.07422528 1.60542742], 1.3943629615389537
3, [1.92937525 1.58478206], 1.4430584041650298
4, [1.5906556  1.51269184], 0.3618255581385218
1, [1.73933889 1.67133263], 0.24861414018492384
2, [2.21139199 1.45196156], 2.2903604402648754
3, [1.50488411 1.58701462], 0.3446494276609478
4, [1.80593563 1.45976543], 2.028297054388508
1, [2.11461712 1.75875413], 1.68214361609284
2, [2.20146089 1.73733923], 1.6776870401837043
3, [2.53993794 1.4530354 ], 0.37484018677971376
4, [2.16910702 1.56840137], 0.7935163883136793
1, [2.12422354 1.592619  ], 0.36721401616161137
2, [1.40664168 1.50544914], 2.8725619903090673
3, [2.00456966 1.40562962], 2.4055236234527073
4, [2.13867356 1.48195664], 2.2359126358887584
1, [1.67442314 1.67218224], 1.8610782141738424
2, [2.34689303 1.53566221], 2.5464243999057308
3, [2.24801804 1.49143938], 0.09528653880636045
4, [1.99960091 1.48738065], 1.0276842308607979
1, [1.49844582 1.76909046], 0.7963248970168566
2, [1.84016868 1.74874795], 1.4975986400501218
3, [2.25260723 1.57780178], 2.6862002023323144
4, [2.37271077 1.50403749], 2.6354744200443134
1, [2.11919452 1.65207842], 0.8105072144060175
2, [2.38660897 1.48604724], 2.2362088531043307
3, [2.56284284 1.47614295], 0.9822789259814219
4, [2.22691356 1.47285887], 1.3085648849658296
1, [2.06674658 1.76110586], 0.7020522371469032
2, [1.6591133  1.49890505], 2.12229752962402
3, [1.70892753 1.52229447], 0.7063432288431715
4, [2.03088388 1.59821992], 2.1887519283262282
1, [2.07288032 1.51725399], 2.7497090001852884
2, [2.09884737 1.56205547], 2.1753880178679634
3, [1.93416772 1.47310985], 0.5851526048169498
4, [2.38914376 1.58055745], 0.543717923432289
1, [2.20901402 1.3701628 ], 3.065355469349249
2, [1.42245501 1.51879039], 2.001631213828469
3, [2.47850274 1.4553105 ], 1.5546997740998763
4, [2.22841524 1.51436114], 2.2547009934804416
1, [2.14713687 1.71939322], 2.1278170783922956
2, [2.21585432 1.60538659], 0.9155559638095556
3, [1.48973441 1.59843947], 1.4581769175261556
4, [1.7491874  1.41776331], 0.2296697563532113
1, [1.73972246 1.61354931], 1.52077229695146
2, [1.81417237 1.54927116], 2.438398953354717
3, [2.01078682 1.51875404], 1.49354733174253
4, [2.11841358 1.43109368], 2.824436774221363
1, [1.34448934 1.65962421], 2.4898999016080605
2, [1.5800992  1.51872638], 2.8730460914559
3, [1.95307225 1.4745177 ], 0.042092849356542346
4, [2.23130228 1.43148377], 0.8640208472375622
1, [2.5420171  1.61560272], 0.8981134493746888
2, [1.52577371 1.66744686], 1.1647119324220228
3, [2.52640515 1.57456788], 0.8327370812210774
4, [2.35587253 1.59323117], 1.2623454979955786
1, [2.31357513 1.68909056], 1.7739940553562126
2, [1.83162778 1.59000478], 1.6787323181001428
3, [1.47727323 1.45103265], 1.5094129931623341
4, [2.35059502 1.56170022], 2.9201756297978196
1, [1.55223977 1.80263775], 1.0306338263636312
2, [2.46617531 1.5934649 ], 0.2237231974529601
3, [1.61013789 1.54234377], 1.6345812190879159
4, [2.3020876  1.54300722], 1.836640522959001
1, [1.82957672 1.73474603], 1.7941974336291282
2, [1.75425763 1.56657121], 2.641312031700996
3, [1.81128049 1.55037691], 2.405442418335113
4, [2.54450173 1.502411  ], 0.5066780161513642
1, [2.42247268 1.66864109], 0.046866888594626364
2, [1.91655085 1.57712689], 1.7337116136978
3, [1.99038383 1.48155889], 2.149027631688193
4, [2.35219876 1.44740817], 2.510252724485827
1, [2.32073712 1.64577072], 0.003922847523166506
2, [2.56934848 1.72248272], 0.6045293197281766
3, [2.33388538 1.41588972], 0.2713424088189899
4, [1.71670041 1.50108348], 0.5797514085920371
1, [2.02160825 1.68991647], 1.9968726173676026
2, [2.57519479 1.73305129], 0.6749375617212717
3, [1.50751418 1.51529027], 1.474164164166496
4, [2.34855829 1.45894227], 0.8539327930524618
1, [2.23884197 1.42933166], 3.053187202641449
2, [2.11903387 1.53491734], 0.16137890842258776
3, [2.02227346 1.45954675], 0.726036342833721
4, [1.83517151 1.45475815], 0.08581465866651757
1, [2.65379789 1.79419237], 0.8758703312804038
2, [1.31062663 1.55770564], 2.300240155164987
3, [2.25503763 1.54536798], 2.834233318640645
4, [2.23854038 1.59359471], 0.41055655851333783
1, [2.38479285 1.65324898], 0.12196058676763702
2, [1.732612  1.4386109], 2.554185566661947
3, [1.76382635 1.46117163], 0.10400013799643557
4, [2.46612869 1.43418295], 1.169807111788747
1, [2.5780503  1.61116221], 0.2589795392970721
2, [2.11947471 1.48529586], 3.0426796989154177
3, [2.02780245 1.53781834], 0.4766811902522758
4, [1.48384298 1.40983746], 3.0451781810469662
1, [2.51343824 1.79101096], 1.6265214446053602
2, [1.46391138 1.68358524], 0.9889356997391444
3, [1.95525679 1.5294885 ], 0.5156324856931817
4, [1.43715767 1.43818659], 1.6341941680480405
1, [2.23566735 1.65014786], 2.088668216289261
2, [1.74001405 1.33339497], 3.1124510874696334
3, [2.5148342  1.46329979], 2.1850490027099547
4, [2.49947615 1.46184739], 1.7561654489308236
1, [1.88616456 1.71276245], 2.184345539894533
2, [1.96173296 1.44265854], 3.0632833964525243
3, [2.22736443 1.40035429], 2.944373975154041
4, [1.42506518 1.47125286], 1.3684925605021863
