Object | Point o x | point o y | Object pose | SSD
1 1.52 1.67 1.23 0.000002
2 1.63 1.77 1.17 0.000000
3 1.57 1.54 0.91 0.000007
4 2.17 1.57 2.82 0.000001
1 2.16 1.61 1.03 0.000002
2 1.48 1.54 2.21 0.000003
3 1.50 1.47 1.72 0.000017
4 1.52 1.51 2.00 0.000006
1 1.79 1.77 1.29 0.000002
2 1.66 1.64 0.43 0.000002
3 2.29 1.55 2.66 0.000012
4 1.73 1.49 1.89 0.000003
1 1.82 1.61 0.52 0.000023
2 2.64 1.58 0.08 0.000029
3 1.50 1.55 2.82 0.000035
4 2.47 1.43 1.65 0.000005
1 1.37 1.78 1.53 0.000001
2 1.64 1.61 0.89 0.000001
3 1.71 1.53 1.38 0.000023
4 1.76 1.47 3.01 0.000002
1 1.68 1.67 0.54 0.000004
2 1.76 1.60 1.34 0.000002
3 2.19 1.41 1.02 0.000114
4 2.42 1.43 2.36 0.000016
1 2.24 1.65 2.13 0.000001
2 2.33 1.57 1.26 0.000004
3 2.09 1.42 2.66 0.000016
4 2.13 1.60 1.10 0.000013
0 0.00 0.00 0.00 1000.000000
2 2.45 1.69 0.92 0.000003
3 2.25 1.51 2.04 0.000002
4 2.52 1.42 2.37 0.000005
1 2.56 1.75 1.08 0.000002
2 2.28 1.59 0.40 0.000002
3 2.50 1.54 2.63 0.000026
4 2.39 1.51 2.57 0.000002
1 2.56 1.68 0.23 0.000002
2 2.32 1.63 0.14 0.000003
3 1.96 1.56 2.54 0.000271
4 2.02 1.47 2.13 0.000005
1 2.05 1.51 -0.05 0.000005
2 2.17 1.75 1.16 0.000002
3 1.56 1.50 2.95 0.000088
4 2.59 1.45 0.84 0.000004
1 1.81 1.71 1.23 0.000093
2 1.67 1.61 1.70 0.000002
3 1.76 1.41 2.28 0.000130
4 1.81 1.48 0.21 0.000017
1 1.74 1.60 2.24 0.000081
2 1.55 1.42 -0.20 0.000002
3 2.10 1.56 3.12 0.000002
4 2.31 1.44 3.14 0.000004
1 2.39 1.62 0.46 0.000001
2 1.30 1.61 1.99 0.000002
3 1.57 1.47 0.63 0.000019
4 2.23 1.47 0.97 0.000010
1 2.71 1.53 0.15 0.000001
2 2.25 1.65 1.63 0.000001
3 1.49 1.55 2.55 0.000029
4 1.44 1.52 0.55 0.000008
1 1.58 1.67 0.28 0.000003
2 2.07 1.56 1.64 0.000002
3 2.06 1.60 1.62 0.000005
4 1.74 1.40 2.59 0.000007
1 1.74 1.68 0.73 0.000003
2 1.69 1.49 2.09 0.000001
3 1.81 1.46 2.12 0.000002
4 1.67 1.48 0.83 0.000009
1 1.29 1.66 2.16 0.000004
2 1.78 1.41 -0.36 0.000002
3 1.54 1.43 0.80 0.000022
4 2.43 1.56 2.49 0.000480
1 1.41 1.62 1.42 0.000002
2 1.79 1.70 1.54 0.000001
3 1.93 1.58 2.56 0.000030
4 2.01 1.42 0.45 0.000001
1 1.74 1.62 0.46 0.000003
2 1.52 1.65 0.32 0.000003
3 2.11 1.56 2.21 0.000280
4 1.54 1.41 1.29 0.000250
1 1.45 1.45 -0.46 0.000001
2 2.24 1.58 0.70 0.000002
3 2.59 1.42 1.21 0.000083
4 1.62 1.44 0.66 0.000007
1 2.08 1.65 0.63 0.000001
2 2.35 1.51 -0.98 0.000003
3 1.47 1.56 1.84 0.000168
4 1.46 1.49 2.49 0.000007
1 1.37 1.70 1.41 0.000002
2 1.66 1.45 -0.25 0.000002
3 1.44 1.42 2.57 0.000008
4 2.33 1.42 2.67 0.000001
1 1.27 1.58 2.03 0.000002
2 2.12 1.51 -0.65 0.000002
3 1.74 1.53 2.72 0.000137
4 2.09 1.51 2.04 0.000348
1 1.71 1.66 1.43 0.000003
2 2.11 1.53 0.02 0.000002
3 2.18 1.45 2.79 0.000070
4 1.83 1.43 0.34 0.000006
