Object | Point o x | point o y | Object pose | SSD
1 1.93 1.68 1.22 0.000002
2 2.18 1.52 -0.86 0.000002
3 1.70 1.56 2.56 0.000003
4 2.35 1.41 0.88 0.000003
1 1.89 1.64 0.58 0.000004
2 2.13 1.46 -0.62 0.000001
3 2.54 1.48 2.21 0.000194
4 1.48 1.53 3.13 0.000031
0 0.00 0.00 0.00 1000.000000
2 1.54 1.56 -0.70 0.000002
3 1.65 1.56 2.53 0.000000
4 2.36 1.42 2.42 0.000004
1 1.21 1.49 -0.45 0.000002
2 1.88 1.63 0.99 0.000002
3 2.21 1.46 3.08 0.000007
4 1.54 1.42 0.38 0.000008
1 1.45 1.67 2.16 0.000003
2 2.35 1.59 1.31 0.000004
3 1.86 1.59 2.13 0.000420
4 2.50 1.56 0.98 0.000008
1 1.48 1.71 1.83 0.000001
2 1.78 1.74 0.55 0.000002
3 1.88 1.44 0.88 0.000035
4 1.48 1.57 0.39 0.000004
1 2.62 1.63 0.59 0.000003
2 1.80 1.49 -0.83 0.000004
3 2.31 1.51 3.00 0.000164
4 1.51 1.59 1.08 0.000006
1 2.69 1.51 0.11 0.000003
2 2.13 1.67 0.54 0.000002
3 2.29 1.48 0.21 0.000002
4 1.85 1.40 2.18 0.000004
1 1.85 1.70 1.23 0.000003
2 1.41 1.39 -0.05 0.000001
3 1.64 1.44 2.47 0.000408
4 1.69 1.45 0.60 0.000033
1 2.43 1.68 1.70 0.000001
2 1.98 1.55 0.25 0.000002
3 2.08 1.53 1.40 0.000008
4 2.42 1.43 1.25 0.000069
1 1.67 1.73 2.00 0.000001
2 2.20 1.75 0.91 0.000002
3 2.21 1.40 2.57 0.000095
4 2.31 1.53 2.71 0.000259
1 1.39 1.53 -0.37 0.000003
2 2.52 1.74 0.76 0.000001
3 1.98 1.40 1.97 0.000024
4 2.06 1.45 1.38 0.000009
1 1.75 1.58 0.29 0.000002
2 1.38 1.59 2.40 0.000002
3 2.24 1.48 1.73 0.000006
4 2.16 1.43 2.27 0.000003
1 2.26 1.76 0.96 0.000001
2 1.78 1.59 0.60 0.000030
3 1.55 1.55 0.32 0.000006
4 1.64 1.40 1.52 0.000014
0 0.00 0.00 0.00 1000.000000
2 2.02 1.74 0.51 0.000003
3 2.01 1.55 1.08 0.000052
4 1.88 1.42 2.46 0.000004
1 2.15 1.37 -0.01 0.000001
2 2.52 1.64 0.44 0.000001
3 2.46 1.52 3.07 0.000288
4 2.30 1.40 0.15 0.000019
1 2.01 1.63 0.26 0.000003
2 1.61 1.76 0.65 0.000002
3 1.46 1.56 0.55 0.000048
4 1.71 1.54 1.58 0.000010
1 1.22 1.51 2.46 0.000005
2 2.38 1.62 2.11 0.000003
3 1.70 1.53 2.02 0.000005
4 2.53 1.54 2.60 0.000007
0 0.00 0.00 0.00 1000.000000
2 1.42 1.61 1.30 0.000005
3 1.60 1.55 0.89 0.000039
4 2.11 1.53 2.38 0.000245
1 1.93 1.74 0.83 0.000002
2 2.22 1.56 2.04 0.000005
3 2.36 1.46 1.96 0.000008
4 1.48 1.49 0.08 0.000003
1 1.97 1.71 0.82 0.000003
2 2.17 1.55 1.99 0.000003
3 2.47 1.48 2.44 0.000000
4 2.52 1.55 1.39 0.000025
1 1.88 1.63 0.85 0.000001
2 2.62 1.74 0.79 0.000001
3 2.37 1.54 1.36 0.000212
4 1.97 1.49 0.89 0.000006
1 1.97 1.66 2.17 0.000004
2 1.51 1.44 -0.28 0.000003
3 2.20 1.56 1.94 0.000159
4 2.34 1.56 0.12 0.000011
1 2.33 1.58 -0.78 0.000004
2 2.24 1.61 0.33 0.000003
3 2.58 1.47 1.59 0.000047
4 1.93 1.47 2.40 0.000309
1 2.01 1.56 -0.38 0.000002
2 1.32 1.56 -0.58 0.000001
3 1.97 1.58 1.17 0.000060
4 1.66 1.59 2.93 0.000008
1 1.53 1.65 0.86 0.000002
2 2.29 1.43 -0.60 0.000001
3 2.01 1.44 0.46 0.000022
4 1.92 1.58 2.14 0.000007
1 2.40 1.69 1.13 0.000001
2 2.37 1.69 1.93 0.000005
3 2.54 1.42 1.94 0.000014
4 2.14 1.42 1.26 0.000009
-1 -1 -1 -1 -1
