Object | Point o x | point o y | Object pose | SSD
1 1.54 1.65 0.92 0.000004
2 1.57 1.59 -0.02 0.000003
3 1.78 1.36 1.74 0.000028
4 2.41 1.53 0.86 0.000007
1 1.63 1.56 2.11 0.001619
0 0.00 0.00 0.00 1000.000000
3 1.80 1.45 2.86 0.000025
4 1.50 1.41 1.76 0.000007
1 2.08 1.70 0.23 0.000002
2 2.03 1.34 -0.11 0.000001
3 2.59 1.59 1.88 0.000048
4 1.66 1.41 0.27 0.000491
1 1.49 1.63 -0.62 0.000002
2 1.58 1.69 1.63 0.000002
3 2.22 1.58 1.69 0.000018
3 0.00 0.00 0.00 0.006714
1 2.05 1.59 1.69 0.000003
2 1.40 1.59 1.66 0.000029
3 2.36 1.56 1.88 0.000062
4 2.02 1.41 2.03 0.000004
1 2.22 1.65 1.05 0.000002
2 1.61 1.62 2.24 0.000002
3 1.92 1.57 2.79 0.000228
4 2.01 1.56 2.52 0.034208
1 1.82 1.60 0.39 0.000003
2 2.07 1.67 1.95 0.000003
3 2.44 1.51 3.13 0.000004
4 2.38 1.59 1.15 0.000013
1 1.34 1.68 1.74 0.000002
2 1.44 1.76 0.97 0.000002
0 0.00 0.00 0.00 1000.000000
4 2.17 1.52 2.93 0.000241
1 2.08 1.63 -0.53 0.000002
2 1.53 1.40 -0.13 0.000001
3 2.28 1.46 0.70 0.000029
4 2.16 1.57 1.97 0.000171
2 0.00 0.00 0.11 0.002963
2 2.35 1.64 2.06 0.000002
3 1.87 1.48 2.19 0.000040
4 2.02 1.46 1.52 0.000004
1 2.08 1.45 -0.45 0.000001
2 2.15 1.69 0.07 0.000002
3 1.84 1.50 2.44 0.000031
4 2.38 1.52 1.77 0.000006
1 1.99 1.37 -0.44 0.000002
2 2.30 1.74 1.45 0.000003
3 1.89 1.46 0.39 0.000165
4 1.92 1.13 1.41 0.000002
1 1.42 1.55 -0.44 0.000001
2 1.64 1.67 0.17 0.000001
3 1.73 1.46 2.38 0.000010
4 2.02 1.54 1.84 0.000003
1 1.34 1.60 1.74 0.000005
4 2.26 1.67 -1.24 0.033913
3 2.38 1.56 2.27 0.000009
4 2.62 1.39 1.30 0.000003
0 0.00 0.00 0.00 1000.000000
2 1.70 1.61 0.88 0.000001
3 1.47 1.55 0.47 0.000015
4 2.23 1.19 1.64 0.000007
1 1.36 1.63 2.19 0.000003
2 1.93 1.75 0.46 0.000002
3 2.15 1.50 2.09 0.000294
4 2.07 1.58 1.92 0.000008
4 2.07 1.68 -2.22 0.033306
2 2.20 1.65 1.54 0.000002
3 2.30 1.54 2.08 0.000481
4 2.19 1.41 2.29 0.000010
2 0.00 0.00 0.89 0.003996
2 2.23 1.45 0.62 0.000003
2 1.63 1.40 -0.36 0.004212
4 2.38 1.28 3.05 0.000292
1 1.32 1.56 1.97 0.000002
0 0.00 0.00 0.00 1000.000000
3 1.49 1.41 1.32 0.000001
4 1.74 1.42 2.90 0.000005
1 2.33 1.61 1.90 0.000001
2 2.14 1.36 -0.09 0.000002
3 1.98 1.45 1.43 0.000002
4 2.55 1.52 0.22 0.000011
1 1.90 1.61 1.78 0.000002
2 1.47 1.64 0.69 0.000001
3 1.64 1.51 1.06 0.000029
4 2.28 1.60 2.99 0.000401
1 1.88 1.55 -0.24 0.000003
2 1.45 1.65 1.64 0.000008
3 2.54 1.49 1.52 0.000031
4 1.75 1.70 1.17 0.049745
1 2.67 1.65 0.27 0.000137
2 0.00 0.00 1.62 0.019562
3 2.21 1.56 1.63 0.000029
2 0.00 0.00 -0.68 0.065684
4 1.70 1.91 -1.98 0.000469
2 2.07 1.60 1.39 0.000001
0 0.00 0.00 0.00 1000.000000
4 1.59 1.51 0.36 0.000070
1 0.00 0.00 0.25 0.000637
2 2.21 1.45 -0.86 0.000052
3 1.50 1.42 0.32 0.000009
4 1.81 1.46 2.03 0.000001
1 2.11 1.76 1.68 0.000002
2 2.20 1.74 1.68 0.000002
3 2.54 1.45 0.38 0.000006
4 2.17 1.57 0.79 0.000007
1 2.13 1.59 0.37 0.000032
2 1.41 1.61 -0.27 0.000214
3 2.01 1.40 2.41 0.000041
2 2.06 1.51 1.23 0.010147
1 1.67 1.67 1.86 0.000002
2 2.35 1.54 -0.59 0.000002
3 2.09 1.30 0.05 0.000089
4 2.00 1.49 1.03 0.000002
1 1.50 1.77 0.80 0.000002
2 0.00 0.00 1.50 0.000939
3 2.25 1.58 2.69 0.000097
4 2.37 1.50 2.63 0.000084
1 2.12 1.65 0.81 0.000001
2 2.39 1.49 -0.90 0.000003
-1 -1 -1 -1 -1
4 2.11 1.47 1.31 0.000001
1 2.07 1.76 0.70 0.000007
2 1.52 1.52 2.12 0.000001
3 1.71 1.52 0.71 0.000004
4 2.03 1.60 2.19 0.000322
2 2.03 1.54 -0.39 0.001885
2 0.00 0.00 2.17 0.028424
3 1.93 1.33 0.56 0.000018
4 2.39 1.58 0.54 0.000121
1 2.21 1.37 -0.07 0.000002
2 1.42 1.52 2.00 0.000003
3 2.48 1.46 1.55 0.000022
4 2.23 1.51 2.25 0.000003
0 0.00 0.00 0.00 1000.000000
2 0.00 0.00 0.90 0.022038
3 1.49 1.60 1.46 0.000029
4 1.57 1.41 0.21 0.000005
1 1.75 1.47 1.49 0.000012
2 1.81 1.55 -0.70 0.000002
3 2.01 1.52 1.49 0.000212
2 2.01 1.39 -0.32 0.014362
1 1.23 1.66 2.49 0.000005
2 0.00 0.00 -0.27 0.000995
3 1.95 1.47 0.04 0.000007
4 2.23 1.43 0.86 0.000011
-1 -1 -1 -1 -1
2 1.53 1.72 1.16 0.012685
3 2.53 1.57 0.83 0.000020
4 2.32 1.61 1.32 0.000003
0 0.00 0.00 0.00 1000.000000
2 1.76 1.60 1.68 0.000002
3 1.48 1.45 1.51 0.000035
4 2.48 1.54 2.92 0.000326
-1 -1 -1 -1 -1
2 2.47 1.59 0.22 0.000001
3 1.61 1.64 1.63 0.003603
4 2.19 1.56 1.84 0.000002
2 0.00 0.00 1.79 0.001711
2 1.75 1.57 -0.50 0.000002
3 1.81 1.41 2.39 0.000010
4 2.54 1.50 0.51 0.000072
1 2.42 1.66 0.05 0.000251
2 0.00 0.00 1.73 0.016116
3 1.99 1.48 2.15 0.000064
4 2.35 1.45 2.51 0.000004
0 0.00 0.00 0.00 1000.000000
2 2.57 1.72 0.60 0.000003
4 2.32 1.55 0.27 0.003725
4 1.72 1.50 0.58 0.000009
1 2.02 1.69 2.00 0.000002
2 2.52 1.73 0.67 0.006333
3 1.53 1.34 1.41 0.000022
4 0.00 0.00 0.85 0.008258
1 2.24 1.42 -0.09 0.000035
2 0.00 0.00 0.16 0.004406
3 2.02 1.46 0.73 0.000006
4 1.83 1.46 0.09 0.006578
0 0.00 0.00 0.00 1000.000000
2 1.31 1.56 2.30 0.000002
3 2.26 1.54 2.83 0.000024
4 2.24 1.59 0.41 0.000001
1 0.00 0.00 0.12 0.020682
2 1.73 1.44 -0.59 0.000001
3 1.90 1.46 0.11 0.000722
4 2.47 1.43 1.17 0.000383
1 2.58 1.61 0.26 0.000004
2 2.12 1.48 -0.10 0.000002
3 2.03 1.54 0.47 0.000055
4 1.48 1.41 3.04 0.000275
1 2.51 1.79 1.63 0.000002
2 1.46 1.68 0.99 0.000002
3 1.96 1.53 0.51 0.000023
4 1.44 1.44 1.64 0.000013
1 2.24 1.65 2.09 0.000002
2 1.74 1.33 -0.03 0.000001
3 2.52 1.46 2.18 0.000012
4 2.50 1.46 1.76 0.000003
1 1.89 1.71 2.18 0.000002
2 0.00 0.00 1.49 0.010394
3 2.36 1.40 2.95 0.002183
4 1.44 1.55 1.56 0.001380
