Object | Point o x | point o y | Object pose | SSD
1 2.34 1.47 -0.14 0.000003
2 1.88 1.65 1.02 0.000002
3 2.26 1.57 2.80 0.000394
4 2.21 1.54 3.01 0.000050
1 1.65 1.65 1.38 0.000003
2 2.16 1.60 0.81 0.000002
3 1.75 1.56 2.69 0.000042
4 1.69 1.45 2.34 0.000004
1 2.17 1.81 1.06 0.000000
2 2.08 1.75 0.88 0.000003
3 1.49 1.60 3.02 0.000360
4 1.61 1.60 2.73 0.000097
1 2.28 1.44 -0.36 0.000001
2 2.14 1.57 -0.55 0.000002
3 2.37 1.42 2.24 0.000304
4 2.20 1.51 2.58 0.000002
1 1.34 1.43 -0.05 0.000002
2 2.21 1.63 0.94 0.000003
3 2.02 1.52 1.33 0.000001
4 2.29 1.42 0.78 0.000005
1 2.11 1.75 1.78 0.000002
2 1.49 1.69 1.43 0.000002
3 2.46 1.42 0.00 0.000004
4 2.01 1.49 0.76 0.000008
1 2.32 1.63 0.74 0.000004
2 1.86 1.60 1.11 0.000001
3 1.44 1.41 2.11 0.000007
4 1.69 1.46 3.06 0.000002
1 1.98 1.72 1.86 0.000001
2 1.56 1.55 -0.54 0.000002
3 2.36 1.45 0.73 0.000024
4 2.03 1.59 1.61 0.000003
1 2.32 1.36 -0.03 0.000002
2 2.16 1.77 0.95 0.000001
3 1.52 1.47 1.13 0.000011
4 2.06 1.51 1.47 0.000003
1 1.81 1.73 2.02 0.000001
2 2.26 1.37 -0.13 0.000001
3 1.61 1.54 0.53 0.000028
4 2.42 1.53 1.99 0.000022
1 1.47 1.64 1.60 0.000003
2 1.89 1.64 1.70 0.000003
3 1.87 1.42 0.53 0.000005
4 2.04 1.46 1.47 0.000000
1 2.29 1.65 0.64 0.000004
2 1.63 1.74 0.38 0.000003
3 1.49 1.43 2.53 0.000004
4 2.29 1.50 1.76 0.000001
1 1.84 1.57 -0.73 0.000002
2 2.62 1.73 0.70 0.000002
3 1.51 1.60 1.26 0.000024
4 2.18 1.50 3.11 0.000009
1 2.00 1.59 1.75 0.000003
2 1.41 1.50 2.15 0.000003
3 2.52 1.59 0.62 0.000038
4 2.07 1.59 3.14 0.000004
1 2.21 1.50 -0.75 0.000002
2 1.54 1.67 2.09 0.000002
3 1.95 1.58 0.25 0.000002
4 1.96 1.50 1.27 0.000012
1 1.74 1.65 1.86 0.000030
2 1.85 1.73 1.57 0.000003
3 2.10 1.59 2.15 0.000021
4 1.98 1.53 1.97 0.000011
1 1.61 1.62 -0.74 0.000002
2 1.72 1.72 1.05 0.000002
3 2.03 1.43 2.02 0.000018
4 2.08 1.56 2.52 0.000003
1 1.47 1.57 -0.42 0.000003
2 1.43 1.60 1.00 0.000002
3 2.23 1.57 2.88 0.000337
4 1.78 1.40 0.09 0.000002
1 1.64 1.58 0.03 0.000004
2 1.89 1.57 0.42 0.000004
3 1.48 1.59 1.75 0.000004
4 1.67 1.43 2.77 0.000005
1 2.17 1.52 -0.12 0.000002
2 2.13 1.59 1.92 0.000003
3 1.62 1.41 2.68 0.000004
4 1.95 1.58 1.64 0.000009
1 1.80 1.63 0.57 0.000003
2 1.77 1.60 0.70 0.000003
3 2.39 1.54 1.14 0.000017
4 2.03 1.56 1.26 0.000006
1 1.96 1.51 -0.57 0.000004
2 2.04 1.63 1.19 0.000001
3 1.78 1.50 2.39 0.000439
4 1.93 1.49 1.76 0.000010
1 2.37 1.48 -0.08 0.000066
2 2.13 1.47 -0.14 0.000001
3 2.44 1.54 1.03 0.000014
4 1.57 1.51 0.50 0.000009
1 1.48 1.71 2.07 0.000001
2 2.14 1.64 1.27 0.000001
3 1.75 1.54 1.28 0.000010
4 1.64 1.55 0.15 0.000001
1 2.17 1.51 -0.10 0.000002
2 1.75 1.37 -0.17 0.000002
3 1.99 1.56 1.48 0.000014
4 1.65 1.56 3.06 0.000164
1 1.88 1.69 1.32 0.000002
2 1.64 1.74 0.45 0.000003
3 1.72 1.51 2.18 0.000050
4 1.50 1.52 0.06 0.000003
1 1.46 1.69 2.30 0.000001
2 1.91 1.58 0.79 0.000002
3 1.80 1.57 2.52 0.000083
4 2.48 1.50 0.59 0.000005
1 1.33 1.60 -0.42 0.000002
2 2.24 1.73 0.58 0.000001
3 1.82 1.58 1.59 0.000486
4 2.54 1.51 1.85 0.000012
1 1.25 1.44 -0.16 0.000001
2 1.93 1.70 0.99 0.000002
3 1.42 1.43 2.61 0.000029
4 1.53 1.59 0.54 0.000010
1 2.38 1.48 -0.36 0.000002
2 1.27 1.44 -0.01 0.000002
3 2.44 1.42 0.72 0.000025
4 1.94 1.55 1.73 0.000336
1 2.09 1.72 2.10 0.000002
2 2.34 1.46 -0.55 0.000003
3 2.21 1.43 0.02 0.000007
4 1.79 1.53 2.69 0.000004
1 1.47 1.63 1.22 0.000002
2 2.21 1.68 1.93 0.000002
3 2.45 1.52 2.28 0.000006
4 2.52 1.55 0.48 0.000006
-1 -1 -1 -1 -1
