Object | Point o x | point o y | Object pose | SSD
1 1.61 1.32 0.16 0.000087
2 2.11 1.42 1.99 0.000002
3 1.52 1.34 2.62 0.000056
4 1.63 1.58 3.03 0.000159
1 1.62 1.83 0.74 0.001146
2 2.10 1.56 1.85 0.000002
3 2.27 1.51 2.61 0.000003
4 1.81 1.50 1.74 0.000015
1 1.71 1.65 2.28 0.000003
2 1.84 1.65 0.93 0.000001
3 1.84 1.43 2.91 0.000074
4 2.14 1.58 0.82 0.000004
1 2.51 1.46 0.78 0.000001
2 1.31 1.60 2.07 0.000004
3 1.45 1.57 2.39 0.000007
4 2.15 1.37 0.24 0.000003
1 1.81 1.51 0.04 0.000002
2 2.40 1.71 1.58 0.000003
3 1.72 1.33 2.45 0.000059
4 2.32 1.58 1.23 0.000266
1 1.78 1.66 0.80 0.003148
2 1.82 1.34 -0.08 0.000001
3 2.58 1.46 1.95 0.000094
4 2.11 1.51 0.26 0.000005
1 1.71 1.79 0.86 0.000005
2 1.78 1.64 2.20 0.000002
3 2.20 1.47 2.43 0.000010
4 2.08 1.57 0.87 0.000013
1 1.74 1.58 -0.68 0.000002
2 2.48 1.67 0.74 0.000003
3 1.55 1.50 0.42 0.000019
4 2.57 1.55 1.73 0.000003
1 1.85 1.72 1.24 0.000002
2 1.74 1.76 1.31 0.000001
3 1.51 1.42 2.22 0.000459
4 1.77 1.49 0.61 0.000001
1 2.25 1.51 -0.18 0.000001
2 1.87 1.58 1.99 0.000003
3 2.38 1.44 2.28 0.000026
4 1.79 1.51 0.21 0.000001
2 0.00 0.00 -0.31 0.001971
2 1.40 1.48 -0.41 0.000002
3 0.00 0.00 2.86 0.010389
4 2.06 1.54 2.86 0.000012
1 1.65 1.72 1.50 0.000001
2 1.24 1.51 2.44 0.000002
3 1.94 1.48 0.27 0.000027
4 1.71 1.48 3.09 0.000004
1 2.18 1.68 1.37 0.000001
2 1.59 1.69 0.98 0.000002
3 2.12 1.42 2.32 0.000224
4 1.66 1.42 0.09 0.005405
1 2.28 1.47 -0.04 0.000001
2 0.00 0.00 1.83 0.002606
3 2.26 1.31 1.58 0.000027
4 2.08 1.43 0.51 0.000002
1 1.86 1.44 -0.29 0.000072
2 0.00 0.00 0.01 0.012238
3 1.59 1.44 0.72 0.000002
4 1.68 1.46 1.39 0.000018
0 0.00 0.00 0.00 1000.000000
2 2.36 1.74 1.51 0.000007
3 2.57 1.54 0.90 0.000036
4 1.51 1.50 0.90 0.000014
1 1.41 1.67 1.22 0.000085
2 1.77 1.58 0.03 0.000001
3 2.18 1.45 2.66 0.000028
4 2.32 1.43 1.81 0.000015
0 0.00 0.00 0.00 1000.000000
2 1.58 1.69 0.48 0.000002
3 1.75 1.45 2.25 0.000067
4 1.82 1.47 0.19 0.000055
1 1.15 1.57 2.28 0.000005
2 1.98 1.58 -0.69 0.000002
3 1.50 1.51 1.69 0.000001
4 1.87 1.57 2.27 0.000002
0 0.00 0.00 0.00 1000.000000
2 0.00 0.00 2.20 0.011803
3 2.29 1.55 0.11 0.009609
4 1.85 1.17 1.59 0.000012
1 2.06 1.68 0.09 0.000010
2 2.38 1.47 -0.20 0.000039
3 1.50 1.56 0.86 0.000075
4 1.61 1.50 0.03 0.000009
1 1.57 1.52 -0.38 0.000042
2 1.64 1.54 0.32 0.000003
3 1.94 1.48 2.15 0.000031
4 2.13 1.52 1.21 0.000002
1 1.94 1.70 0.82 0.000004
2 2.34 1.59 1.89 0.000002
3 1.55 1.59 2.59 0.000007
4 2.20 1.71 1.62 0.002986
1 1.70 1.62 0.77 0.000001
2 1.46 1.56 1.74 0.000034
3 1.67 1.43 2.65 0.000306
4 2.24 1.46 1.08 0.000001
1 2.07 1.57 2.10 0.000203
2 2.20 1.37 -0.28 0.000002
3 2.01 1.55 1.54 0.000061
4 2.40 1.41 0.89 0.000003
1 1.96 1.64 0.71 0.000002
2 1.87 1.60 -0.64 0.000005
3 2.27 1.58 2.99 0.000013
4 2.36 1.62 0.47 0.000002
1 0.00 0.00 0.99 0.004704
2 2.11 1.48 -0.67 0.000002
3 2.46 1.41 0.79 0.000172
4 1.89 1.54 1.05 0.000010
1 2.37 1.43 -0.39 0.000090
2 1.77 1.75 0.87 0.000002
3 2.11 1.58 1.23 0.000007
4 1.55 1.51 2.67 0.000027
1 1.96 1.43 -0.40 0.000001
2 1.79 1.75 0.28 0.000004
3 2.23 1.56 1.55 0.000123
2 0.00 0.00 2.34 0.017864
1 1.26 1.51 -0.17 0.000001
2 0.00 0.00 0.21 0.009207
3 1.47 1.54 1.86 0.000067
0 0.00 0.00 0.00 1000.000000
2 2.23 1.80 1.86 0.004917
2 2.41 1.30 -0.01 0.000001
3 2.51 1.38 0.67 0.004781
4 1.43 1.49 2.47 0.000001
1 0.00 0.00 -0.59 0.001095
2 2.13 1.57 -0.87 0.000002
3 1.52 1.60 1.05 0.000034
4 2.27 1.30 1.92 0.000007
1 0.00 0.00 0.47 0.001827
2 2.19 1.63 0.30 0.000103
3 1.57 1.38 0.52 0.000003
4 2.59 1.45 0.80 0.000002
1 2.55 1.59 0.70 0.000002
2 2.42 1.26 -0.71 0.000002
3 1.66 1.26 2.01 0.000004
4 2.54 1.54 2.99 0.000002
1 1.86 1.33 -0.65 0.000047
2 2.05 1.52 -0.71 0.000002
3 2.20 1.35 3.09 0.000039
4 2.14 1.58 0.23 0.000022
1 1.57 1.74 1.04 0.000003
2 1.34 1.37 -0.13 0.000082
3 1.90 1.36 1.84 0.000028
2 1.52 1.48 1.55 0.014343
0 0.00 0.00 0.00 1000.000000
2 1.91 1.57 1.86 0.000002
3 1.60 1.43 2.84 0.000258
4 2.20 1.50 1.69 0.000014
1 1.91 1.44 2.14 0.000100
2 1.96 1.52 2.14 0.029150
3 2.07 1.34 0.32 0.000011
4 1.50 1.58 2.99 0.000363
1 1.93 1.60 -0.50 0.000002
2 2.30 1.53 0.03 0.000001
3 2.02 1.58 1.87 0.000046
4 1.87 1.58 1.51 0.000047
1 2.37 1.54 -0.47 0.000039
2 2.18 1.52 1.16 0.000002
4 0.00 0.00 -0.28 0.004932
4 1.52 1.42 1.12 0.000004
1 1.53 1.65 1.21 0.000001
2 1.67 1.67 0.04 0.000002
3 1.76 1.53 2.52 0.000002
0 0.00 0.00 0.00 1000.000000
0 0.00 0.00 0.00 1000.000000
2 2.08 1.63 1.62 0.000002
3 1.62 1.41 0.76 0.000022
4 1.92 1.54 2.82 0.000091
1 2.18 1.73 1.69 0.000002
2 2.24 1.59 0.76 0.000002
3 1.67 1.42 2.98 0.000008
4 1.97 1.51 1.08 0.000014
1 1.89 1.66 2.10 0.000001
2 2.24 1.72 1.22 0.000002
3 2.52 1.42 1.42 0.000021
4 1.99 1.56 2.72 0.000330
1 2.53 1.74 0.39 0.000001
2 2.11 1.55 1.65 0.000002
3 2.02 1.50 0.67 0.000030
4 2.01 1.47 2.50 0.000155
1 2.27 1.64 -0.81 0.000066
2 0.00 0.00 0.20 0.000755
3 2.03 1.53 1.78 0.002947
4 2.54 1.52 2.85 0.000005
0 0.00 0.00 0.00 1000.000000
2 1.67 1.64 0.22 0.000003
3 2.27 1.41 0.00 0.000025
4 2.54 1.42 1.40 0.000199
1 1.47 1.37 -0.06 0.000001
2 1.23 1.60 2.37 0.000002
3 1.51 1.51 2.97 0.000002
4 1.88 1.52 1.03 0.000004
1 1.93 1.49 -0.77 0.000003
2 2.12 1.58 0.27 0.000001
3 2.30 1.37 1.18 0.000012
0 0.00 0.00 0.00 1000.000000
4 1.93 1.76 -2.65 0.027456
2 1.45 1.59 1.60 0.000003
3 2.12 1.55 2.40 0.000050
4 2.30 1.60 0.33 0.000004
