Object | Point o | Object pose
1, [2.34378566 1.47291609], 3.00211455749417
2, [1.88446056 1.64686192], 1.019667867921384
3, [2.26210804 1.57366296], 2.804668586302247
4, [2.2027482  1.54256868], 3.00626190836912
1, [1.65394853 1.64740772], 1.3865247266856795
2, [2.15540656 1.59752772], 0.8104323509428364
3, [1.75378589 1.55971653], 2.6877505270513167
4, [1.69278714 1.44804355], 2.3384089695131807
1, [2.17418494 1.81065465], 1.0621388567517684
2, [2.07533526 1.74755979], 0.8749705682920609
3, [1.48705349 1.59853155], 3.018241740540024
4, [1.61703353 1.59498629], 2.7280295988919576
1, [2.28157512 1.43665056], 2.784840245830723
2, [2.13758385 1.57130564], 2.5896977408640134
3, [2.37085368 1.41805407], 2.2394088297453694
4, [2.20298994 1.51608036], 2.5852358614548163
1, [1.33902789 1.42759025], 3.094242260604782
2, [2.21362966 1.6325361 ], 0.9353660745489705
3, [2.02563861 1.52157982], 1.3344843880466
4, [2.29319034 1.4185307 ], 0.7827748802903074
1, [2.10932079 1.75368564], 1.7801657173961927
2, [1.48724563 1.68998822], 1.4302967191841014
3, [2.46347292 1.42023115], 0.002550603159958662
4, [2.00781735 1.49519799], 0.7579236957496124
1, [2.31609698 1.63304576], 0.7415164585441455
2, [1.86448582 1.60520752], 1.1130520822234773
3, [1.43517367 1.41473996], 2.111930196329337
4, [1.69229442 1.45960697], 3.054822638148235
1, [1.98209478 1.72034736], 1.8562639521185853
2, [1.55673561 1.55032903], 2.597463879976263
3, [2.35921476 1.44955077], 0.7284551910471965
4, [2.03571606 1.58845205], 1.61401427022356
1, [2.32254559 1.35729574], 3.11086039653647
2, [2.15984025 1.76642508], 0.9562036381034537
3, [1.51628849 1.46780502], 1.1286352394073382
4, [2.05763094 1.51425047], 1.4722068444155996
1, [1.81042404 1.73485524], 2.023365701061742
2, [2.2565172  1.36828716], 3.0113234224304515
3, [1.60784683 1.54204849], 0.5321151147390648
4, [2.41930087 1.53294562], 1.9882160378919285
1, [1.46559415 1.64091475], 1.5983109555928396
2, [1.89476046 1.64197418], 1.701845827783824
3, [1.86406699 1.42545142], 0.5305999157491104
4, [2.0418789  1.45929227], 1.4743652536650462
1, [2.29417246 1.65390218], 0.6396268673786342
2, [1.62671068 1.74429456], 0.3844193803221502
3, [1.48509251 1.42598319], 2.526683944936887
4, [2.28636563 1.50338956], 1.7618387890693454
1, [1.84034228 1.56973751], 2.411075051249442
2, [2.62188019 1.72737874], 0.6974811390931962
3, [1.51455798 1.59775599], 1.2566812504435634
4, [2.17635907 1.50458695], 3.107515868426955
1, [1.99942895 1.59002961], 1.7477817905588984
2, [1.41422244 1.50370381], 2.143624060762144
3, [2.52083514 1.59504763], 0.6195704708144216
4, [2.07129088 1.59358226], 3.1396182677739897
1, [2.20710483 1.50043254], 2.3881666084858217
2, [1.5399893  1.67044325], 2.0856808886859497
3, [1.95049264 1.58196084], 0.25048741994732326
4, [1.9568273  1.49926539], 1.2727507081644136
1, [1.74417502 1.6551636 ], 1.8568318390807168
2, [1.84523693 1.72903845], 1.5665993735383958
3, [2.09421825 1.59425171], 2.1454518838723997
4, [1.97459068 1.53508257], 1.9697898591350473
1, [1.61059248 1.61704854], 2.4065235793075432
2, [1.72261588 1.7245315 ], 1.046627576633885
3, [2.02832559 1.43297185], 2.022508722560048
4, [2.07881063 1.55843929], 2.5171791220030557
1, [1.47019506 1.56714724], 2.720297677430617
2, [1.43085535 1.60461004], 0.9951865495841795
3, [2.23266798 1.56719174], 2.879613536497148
4, [1.77789212 1.40552176], 0.08779344128473206
1, [1.64488932 1.57905218], 0.03024215932407514
2, [1.89333928 1.56572446], 0.421396615938178
3, [1.48442569 1.58527977], 1.7462325233200626
4, [1.67044517 1.42640704], 2.7753007123768905
1, [2.16734774 1.52437986], 3.0220639332227903
2, [2.13065918 1.59473775], 1.92873267981329
3, [1.6242108  1.41086609], 2.674874939459763
4, [1.95257302 1.58076344], 1.6413292262027517
1, [1.79975873 1.6303334 ], 0.5658910056157553
2, [1.76639961 1.59510943], 0.7043287422360495
3, [2.38557194 1.54554426], 1.1398039480630706
4, [2.03107348 1.55983659], 1.2583977185674726
1, [1.96205137 1.50849742], 2.578484792420542
2, [2.03548947 1.62920361], 1.1843554325377126
3, [1.77389921 1.49987792], 2.3858761308805625
4, [1.92739123 1.48616916], 1.7596153199633746
1, [2.36610302 1.47410598], 3.0998426473784924
2, [2.12830827 1.46975281], 2.996015056665034
3, [2.43727117 1.54376647], 1.0304857222083
4, [1.56637065 1.50917703], 0.4968008940485257
1, [1.4846186  1.70794365], 2.069316709667637
2, [2.13728503 1.64535914], 1.26531741517979
3, [1.75271422 1.53538198], 1.2793552811634064
4, [1.63942075 1.551009  ], 0.15107428773364673
1, [2.16560751 1.51351854], 3.0406464240643514
2, [1.75194516 1.3666756 ], 2.9745180477322677
3, [1.98607238 1.55935996], 1.4835277871543793
4, [1.65118157 1.5621301 ], 3.065031128556623
1, [1.8756897  1.68622589], 1.315803243004561
2, [1.64250884 1.73883018], 0.44715205437292654
3, [1.71476702 1.51208479], 2.181565580785285
4, [1.50192566 1.51785344], 0.05632942418014334
1, [1.46020098 1.68710469], 2.2978922038795586
2, [1.91290205 1.57773629], 0.7894850150273885
3, [1.79932254 1.56853748], 2.517559037679987
4, [2.48518216 1.50053638], 0.5853704898594005
1, [1.32898751 1.60346398], 2.7239022758332356
2, [2.24179277 1.72618862], 0.5808894116272075
3, [1.81599508 1.58575814], 1.5900706921642591
4, [2.53696771 1.50863254], 1.8493972227557967
1, [1.25204616 1.43993795], 2.979488785211815
2, [1.93416987 1.70077414], 0.990869372858215
3, [1.42288272 1.4298382 ], 2.6084734745146365
4, [1.52554713 1.59341949], 0.5447707612099753
1, [2.37553423 1.48377162], 2.7769834878076445
2, [1.26527604 1.43726327], 3.1321176076490387
3, [2.43870941 1.42265376], 0.7235923932506554
4, [1.94451292 1.55264364], 1.73489856919981
1, [2.09243909 1.72495315], 2.1027940385470263
2, [2.34114671 1.45962338], 2.593524045052744
3, [2.21318357 1.43547351], 0.02286351276526828
4, [1.79182862 1.53227224], 2.688774735724053
1, [1.47470356 1.62837013], 1.2232437841783093
2, [2.21421873 1.6779011 ], 1.9315716121204036
3, [2.44837223 1.52076371], 2.279969320419637
4, [2.52107159 1.54719062], 0.4869695993923512
1, [2.58806596 1.68064637], 0.2661980398459504
