Object | Point o | Object pose
1, [1.93378745 1.68330642], 1.2178459802135257
2, [2.17554763 1.52039521], 2.283193462619464
3, [1.69474488 1.55793578], 2.55750971250727
4, [2.34626285 1.4104224 ], 0.8749874692707239
1, [1.89071762 1.63980676], 0.582328173331883
2, [2.13011022 1.45973751], 2.5221771302391693
3, [2.53872939 1.47637468], 2.208240060388594
4, [1.47819197 1.5283148 ], 3.133764862274984
1, [2.64105952 1.60519239], 0.8296292898441734
2, [1.54481247 1.56274016], 2.4364464798428704
3, [1.64530646 1.56180993], 2.5335261623096756
4, [2.36358334 1.41836781], 2.4219684138906663
1, [1.2094293  1.48832803], 2.6921741396344756
2, [1.877812   1.63326486], 0.9863365671117337
3, [2.20876982 1.4581625 ], 3.0751808953139794
4, [1.54430618 1.42559765], 0.3828773448207064
1, [1.44841772 1.67376915], 2.1643628961321473
2, [2.35395605 1.59325743], 1.3119370947107685
3, [1.85894654 1.59670266], 2.126398781298867
4, [2.50082054 1.55734987], 0.977857998256986
1, [1.47964092 1.71457615], 1.8272783905151626
2, [1.78231126 1.7404475 ], 0.5525410111333093
3, [1.88116548 1.44504987], 0.8788074427799554
4, [1.47987717 1.57313511], 0.38925878367099565
1, [2.6161645  1.63575303], 0.5909510220179313
2, [1.79714859 1.49349535], 2.3101501569742586
3, [2.3070994  1.50605589], 2.9983434011218137
4, [1.5088193  1.59517593], 1.077208730068146
1, [2.69155231 1.50782715], 0.11049924403924333
2, [2.13461658 1.66781934], 0.5382985748408835
3, [2.29168601 1.48427115], 0.2097443783085441
4, [1.85065179 1.40221344], 2.174579508230035
1, [1.85494006 1.70195822], 1.2249942484150533
2, [1.41280573 1.39333798], 3.0958414368890996
3, [1.63549711 1.44457151], 2.472914394633599
4, [1.69284631 1.44159202], 0.602254993614787
1, [2.42653501 1.67676448], 1.7034052207766561
2, [1.98012483 1.54967403], 0.25167411955695523
3, [2.07920229 1.53129456], 1.3954314666110428
4, [2.4184836 1.4273877], 1.2526232824996153
1, [1.67446971 1.73340513], 1.9996996241505807
2, [2.19705669 1.7478991 ], 0.9115741990843674
3, [2.20935748 1.40232723], 2.5715502064992712
4, [2.30987843 1.53272114], 2.715927972418075
1, [1.38965899 1.53389739], 2.7667370742798263
2, [2.51710065 1.74122591], 0.755574938096613
3, [1.97782701 1.40025824], 1.9678041222933245
4, [2.06273387 1.45056136], 1.3843195013427483
1, [1.75277226 1.57815987], 0.2882049374043624
2, [1.38414097 1.59109374], 2.395182856547649
3, [2.23901848 1.47757063], 1.726577918660676
4, [2.15826429 1.43009026], 2.2709161935468978
1, [2.25969456 1.75640255], 0.961772033146791
2, [1.78102576 1.59661651], 0.6008893147349782
3, [1.55453342 1.55491422], 0.3154997121438586
4, [1.63567395 1.40518391], 1.5229234955523825
1, [1.76032433 1.80406215], 1.2373812791029866
2, [2.02446124 1.74084053], 0.511769610281934
3, [2.01216431 1.54789568], 1.0773359049409277
4, [1.87969956 1.42126414], 2.4618907789585465
1, [2.14562114 1.37258809], 3.129060145176927
2, [2.51812192 1.63583434], 0.4408350478667111
3, [2.46458118 1.52073456], 3.0766992673094715
4, [2.29731362 1.40416002], 0.1511897374913483
1, [2.0152131  1.63097334], 0.26585962682225794
2, [1.61300755 1.76379354], 0.6485403365459498
3, [1.45781427 1.5605386 ], 0.5455820103667494
4, [1.7107412  1.54560174], 1.5830365195456055
1, [1.21620333 1.51508455], 2.4598162206266427
2, [2.38173856 1.62537569], 2.113707423367389
3, [1.69603033 1.5328367 ], 2.017477623189509
4, [2.53443609 1.5405201 ], 2.603183475293002
1, [2.12835543 1.81186056], 1.3158086444525743
2, [1.41597158 1.60660815], 1.3040783343880071
3, [1.60289186 1.54817295], 0.8935286401995586
4, [2.11239723 1.53366251], 2.3756240819782124
1, [1.93381743 1.73601503], 0.828610611185326
2, [2.22235502 1.56100124], 2.0438955258352176
3, [2.3566496 1.4561153], 1.9544458778034406
4, [1.48348019 1.49280269], 0.08486111933186137
1, [1.96659782 1.70580499], 0.8196774413838064
2, [2.16730839 1.54611941], 1.9888636101746657
3, [2.47331342 1.4823136 ], 2.4365734135201493
4, [2.52034614 1.54983184], 1.3980136492517738
1, [1.88487049 1.6342313 ], 0.8454425300777733
2, [2.62262717 1.74135751], 0.7859499435436239
3, [2.37178593 1.54515862], 1.3641054545272695
4, [1.96784739 1.48902674], 0.8969520501926441
1, [1.96556488 1.65553875], 2.1719583625975822
2, [1.51416353 1.43855627], 2.857637468784691
3, [2.19838646 1.56704624], 1.9382258640098744
4, [2.33805724 1.55992551], 0.1199150538555966
1, [2.33194627 1.58245272], 2.36325265813347
2, [2.2417087  1.61055183], 0.3273622860966643
3, [2.58088656 1.47817907], 1.588808321593222
4, [1.93568292 1.46665583], 2.3991192322767545
1, [2.00722768 1.55644835], 2.7604592446374756
2, [1.32019148 1.56097922], 2.566669627544668
3, [1.97147773 1.58525867], 1.174637732089922
4, [1.65989727 1.5942833 ], 2.9324669526961356
1, [1.53060966 1.64589347], 0.8625524909749104
2, [2.29528009 1.42679983], 2.5431478651266892
3, [2.00930592 1.44550644], 0.4549246099001915
4, [1.91878613 1.57518258], 2.145265699300981
1, [2.4053142  1.69104926], 1.1305556494917766
2, [2.3736485  1.68848131], 1.9370619778362697
3, [2.54395042 1.42093852], 1.944512830699624
4, [2.13755538 1.42124799], 1.2557698883234771
1, [1.96949816 1.74950238], 1.250365957218847
