Object | Point o x | point o y | Object pose | SSD
1 1.42 1.65 2.21 0.000004
2 1.56 1.70 1.73 0.000001
3 1.57 1.41 0.85 0.000053
4 1.61 1.44 1.22 0.000010
1 2.62 1.57 0.07 0.000004
2 1.57 1.72 1.66 0.000000
3 1.58 1.55 1.79 0.000471
4 1.63 1.42 1.87 0.000008
1 1.74 1.54 0.06 0.000057
2 1.23 1.51 2.20 0.000005
3 2.56 1.53 1.69 0.000028
4 1.42 1.26 2.69 0.000655
1 1.53 1.70 1.62 0.000002
2 2.39 1.71 1.01 0.000003
3 2.27 1.42 1.13 0.000011
4 2.25 1.47 2.93 0.000003
1 2.20 1.79 1.12 0.000083
0 0.00 0.00 0.00 0.000000
3 1.90 1.56 1.91 0.000017
4 2.33 1.57 1.14 0.000002
1 2.05 1.18 -0.14 0.000003
2 2.25 1.57 0.58 0.000076
3 2.55 1.48 3.09 0.000021
4 2.38 1.42 0.33 0.000009
1 1.96 1.62 0.58 0.000000
2 2.42 1.44 -0.40 0.000002
3 1.68 1.53 0.47 0.000029
4 1.92 1.45 2.03 0.000006
1 1.79 1.67 0.42 0.000002
2 1.62 1.62 1.76 0.000003
3 1.50 1.58 1.29 0.000025
4 2.31 1.52 0.26 0.000316
1 2.00 1.51 -0.40 0.000001
2 2.65 1.71 0.38 0.000048
3 1.52 1.43 1.42 0.000007
4 1.51 1.59 1.31 0.010599
0 0.00 0.00 0.00 0.000000
2 2.22 1.43 -0.29 0.000003
3 1.48 1.47 1.84 0.000017
4 2.25 1.63 1.87 0.001752
1 2.47 1.78 1.05 0.000003
2 2.47 1.63 0.97 0.000002
3 1.48 1.59 3.12 0.000002
4 2.59 1.59 0.03 0.000463
2 1.88 1.47 -0.34 0.004882
2 1.29 1.61 -0.59 0.000002
2 2.40 1.71 0.50 0.004603
4 2.07 1.59 0.98 0.000006
1 1.50 1.47 -0.44 0.000002
2 2.14 1.45 -0.38 0.000002
3 2.22 1.59 2.20 0.000090
4 2.47 1.40 2.68 0.000274
1 2.23 1.56 -0.25 0.000003
2 1.79 1.71 1.20 0.000003
3 1.64 1.58 1.05 0.000007
4 2.25 1.45 0.28 0.000004
1 1.82 1.53 0.05 0.000002
2 2.03 1.68 0.98 0.000002
3 2.41 1.46 1.95 0.000010
4 1.79 1.57 2.29 0.000276
1 2.01 1.82 0.16 0.000234
2 6.63 5.22 0.57 0.017013
0 0.00 0.00 0.00 0.000000
4 1.73 1.48 2.80 0.000010
2 2.25 1.30 2.07 0.005084
2 2.19 1.51 -0.58 0.000002
3 1.56 1.50 2.58 0.000227
4 2.26 1.55 2.16 0.000002
1 1.83 1.63 -0.52 0.000004
0 0.00 0.00 0.00 0.000000
3 2.48 1.48 1.05 0.000013
4 1.77 1.49 1.59 0.000005
1 1.51 1.62 2.13 0.000218
2 1.54 1.40 -0.38 0.000002
3 1.78 1.50 2.30 0.000102
4 2.33 1.42 0.39 0.000005
2 1.96 1.65 0.83 0.006187
0 0.00 0.00 0.00 0.000000
3 2.10 1.56 0.72 0.000030
4 1.48 1.56 2.45 0.000103
