Object | Point o | Object pose
1, [2.28905954 1.7889101 ], 1.0548532303903686
2, [1.93342843 1.49547148], 2.470952492651904
3, [1.6243228  1.44856251], 0.5670957119007897
4, [1.64237612 1.55982713], 0.5814553545256219
1, [2.34108587 1.74399087], 1.1725274773490688
2, [1.64380979 1.70478404], 0.9906230832319372
3, [2.41475201 1.48741755], 1.0805106154176694
4, [2.53455563 1.47714392], 0.7445548234158297
1, [1.23625701 1.40633582], 2.8547013530853014
2, [1.87756551 1.61705555], 2.417803718604943
3, [1.52022987 1.53946203], 0.9891974161740315
4, [2.10094197 1.5977925 ], 1.638987522521849
1, [2.2760426 1.7693209], 1.4189265244137188
2, [2.29350872 1.70941362], 1.6432244851432332
3, [2.24938944 1.51345916], 1.1930924907209766
4, [2.02035782 1.45038283], 2.2421354034540295
1, [1.44400823 1.43752865], 3.069598207921816
2, [1.87797509 1.72617171], 1.3569276209021446
3, [2.09017731 1.52290537], 2.691578554666266
4, [1.54094021 1.52650868], 1.2409571407415052
1, [2.7467029  1.66269199], 0.42821702634744285
2, [2.59937871 1.61778442], 0.9819705793233772
3, [2.3908813  1.58879699], 0.865699673971655
4, [1.58938408 1.54924336], 1.131192724319013
1, [1.85476849 1.5141403 ], 2.841609743723868
2, [2.11899965 1.5888327 ], 1.7148313765176493
3, [1.42768829 1.40579967], 1.0858472191674016
4, [1.65502075 1.46061042], 2.349683819326104
1, [1.43266887 1.5796191 ], 2.7304886964375776
2, [1.60202476 1.35167714], 2.9646118081154604
3, [2.32307359 1.55312948], 0.476445775337185
4, [1.62544438 1.41143318], 2.094916385202655
1, [2.57766493 1.72704576], 1.2460747391979485
2, [2.20280361 1.71434431], 0.8358824762576932
3, [2.52888696 1.42752787], 1.807177330602148
4, [2.5323783  1.43054566], 0.4235134667300113
1, [1.77367398 1.77288684], 1.680741159183253
2, [1.47104772 1.43468851], 2.5166487823917367
3, [2.42027319 1.59750518], 3.1259793145861456
4, [2.58019367 1.47576421], 0.8506987365093438
1, [2.11407821 1.53167529], 2.249782007420988
2, [1.56246569 1.54520432], 0.22536248608762313
3, [2.35616765 1.44701426], 2.502099772154409
4, [1.93107236 1.54039794], 2.8491154956141074
1, [2.12058507 1.68400501], 0.502819106165625
2, [1.47672797 1.37893352], 2.8461578122402846
3, [2.42185296 1.41515121], 1.456273439560454
4, [1.91449649 1.56328449], 0.7415752896847189
1, [1.83639231 1.63328667], 1.283209818677662
2, [1.74640776 1.63975439], 1.1216745797676106
3, [2.13909095 1.52219128], 2.654038987884033
4, [1.54536071 1.53216672], 2.6269985214105147
1, [2.49368458 1.68374416], 1.6067616998380203
2, [2.64845074 1.70415426], 0.265793179782443
3, [2.06558493 1.53349529], 0.8746865904324962
4, [2.484005   1.53243217], 1.9650872519808689
1, [1.36664332 1.49815969], 3.111946160684423
2, [2.33889755 1.63306358], 2.270497291705365
3, [2.58096982 1.50628706], 0.9957071217036982
4, [1.51969233 1.58444526], 1.846604198200657
1, [2.29287722 1.69807711], 0.4892422897329316
2, [2.21113561 1.54203496], 0.11679438429179882
3, [2.27807125 1.58194601], 2.6233228492820366
4, [2.2422119  1.50380752], 2.976817159749532
1, [2.60731902 1.58136515], 0.26906484812743975
2, [1.45079635 1.70701823], 0.7676519010659847
3, [1.85957273 1.51431104], 0.7842098402783898
4, [2.31408193 1.40435406], 0.20170473200800143
1, [1.38053044 1.42664487], 3.115330613706312
2, [1.58637124 1.45875098], 2.5707498731257057
3, [1.575153   1.57516179], 2.5564765357343453
4, [1.88723973 1.58274899], 2.535584599030782
1, [2.38022038 1.60951514], 1.8907865797337116
2, [1.35925894 1.49347416], 2.3294149779902633
3, [2.46314973 1.45243925], 2.243757985401419
4, [1.75251141 1.4162513 ], 2.845701076626669
1, [2.68037742 1.67987155], 0.20839795454679938
2, [2.19579403 1.54337392], 1.9170168132188126
3, [1.83603249 1.50606413], 2.787908388148424
4, [2.25580445 1.57192104], 2.6369411549978095
