Object | Point o x | point o y | Object pose | SSD
0 0.00 0.00 0.00 0.000000
2 1.93 1.50 -0.67 0.000001
3 1.62 1.45 0.57 0.000036
4 1.64 1.56 0.60 0.000028
1 2.34 1.74 1.17 0.000001
2 1.64 1.70 0.99 0.000001
3 2.41 1.49 1.08 0.000099
4 2.53 1.48 0.75 0.000005
1 1.24 1.55 -0.29 0.000022
2 1.88 1.62 -0.72 0.000001
3 1.53 1.41 0.99 0.002331
4 2.09 1.41 1.59 0.000024
2 2.28 1.70 1.42 0.001747
2 2.29 1.71 1.64 0.000002
3 2.25 1.51 1.19 0.000016
0 0.00 0.00 0.00 0.000000
1 1.44 1.44 -0.07 0.000002
0 0.00 0.00 0.00 0.000000
3 2.09 1.52 2.69 0.000019
4 1.54 1.53 1.24 0.000006
1 2.75 1.66 0.43 0.000002
2 2.60 1.62 0.98 0.000003
3 2.39 1.59 0.87 0.000027
4 1.59 1.55 1.13 0.000006
1 1.85 1.51 -0.30 0.000001
2 2.12 1.59 1.71 0.000002
3 1.43 1.40 1.09 0.000016
4 1.66 1.29 2.30 0.000006
1 1.44 1.44 -0.44 0.000001
2 1.60 1.35 -0.18 0.000002
3 2.32 1.55 0.47 0.000049
4 1.63 1.41 2.09 0.000006
1 2.44 1.74 1.26 0.000183
2 2.20 1.71 0.84 0.000004
4 2.50 1.42 1.81 0.005609
4 2.53 1.43 0.42 0.000004
0 0.00 0.00 0.00 0.000000
2 1.47 1.28 -0.64 0.000002
3 2.42 1.60 3.13 0.000027
4 2.58 1.48 0.85 0.000285
1 2.11 1.53 -0.89 0.000002
2 1.56 1.54 0.23 0.000122
3 2.36 1.45 2.50 0.000007
4 1.93 1.54 2.85 0.000012
1 2.12 1.68 0.50 0.000002
2 1.48 1.38 -0.30 0.000003
3 2.42 1.41 1.46 0.000013
4 1.91 1.40 0.73 0.000012
0 0.00 0.00 0.00 0.000000
2 1.75 1.64 1.12 0.000001
3 2.14 1.52 2.65 0.000034
0 0.00 0.00 0.00 0.000000
1 2.49 1.68 1.61 0.000002
2 2.65 1.70 0.26 0.000001
3 2.06 1.32 0.85 0.000002
4 2.48 1.53 1.97 0.000010
1 1.37 1.36 -0.07 0.000002
0 0.00 0.00 0.00 0.000000
3 2.58 1.50 0.99 0.000032
4 1.52 1.58 1.85 0.000012
1 2.29 1.70 0.49 0.000001
2 2.21 1.71 0.12 0.000423
3 2.28 1.41 2.59 0.000001
4 2.12 1.53 3.00 0.000013
1 2.61 1.58 0.27 0.000005
0 0.00 0.00 0.00 0.000000
3 1.86 1.51 0.78 0.000001
4 2.31 1.12 0.14 0.000015
1 1.38 1.42 -0.03 0.000005
2 1.59 1.46 -0.57 0.000004
3 1.57 1.41 2.53 0.000011
4 1.89 1.58 2.53 0.000003
1 2.22 1.47 1.87 0.000001
0 0.00 0.00 0.00 0.000000
3 2.46 1.45 2.24 0.000020
4 1.75 1.52 2.85 0.000002
1 2.66 1.68 0.21 0.000934
2 2.20 1.54 1.92 0.000002
3 1.73 1.51 2.79 0.000001
4 2.25 1.39 2.61 0.000163
