Object | Point o x | point o y | Object pose | SSD
0 0.00 0.00 0.00 0.000000
2 1.55 1.49 -0.64 0.000002
3 1.99 1.49 1.92 0.000059
4 2.24 1.47 1.72 0.000004
1 2.27 1.71 0.30 0.000001
2 2.18 1.48 2.06 0.000001
3 1.91 1.44 0.94 0.000036
4 1.99 1.42 1.70 0.000017
1 1.53 1.70 2.04 0.000003
2 2.21 1.60 2.10 0.000001
3 1.65 1.60 1.49 0.000057
4 2.27 1.50 1.16 0.000016
0 0.00 0.00 0.00 0.000000
2 1.49 1.74 0.91 0.000001
3 2.29 1.39 1.88 0.000138
4 1.65 1.48 3.04 0.000004
1 2.20 1.53 0.53 0.000007
2 2.61 1.75 0.51 0.000003
3 2.28 1.38 1.89 0.000022
4 2.17 1.40 1.28 0.000003
1 2.16 1.70 -0.88 0.000003
2 2.36 1.25 -0.31 0.000003
3 2.05 1.47 2.07 0.000016
4 2.30 1.56 1.30 0.000002
1 1.47 1.62 2.07 0.001466
2 1.82 1.50 0.01 0.000002
0 0.00 0.00 0.00 0.000000
4 1.92 1.50 1.57 0.000000
1 2.51 1.54 0.15 0.000002
2 1.57 1.58 2.12 0.000003
4 2.09 1.83 -1.26 0.025191
4 2.17 1.33 0.22 0.000008
1 2.01 1.74 2.02 0.000001
2 2.42 1.59 0.16 0.000214
3 2.27 1.60 1.19 0.000033
2 1.53 1.45 1.18 0.000457
1 2.23 1.44 -0.00 0.000004
0 0.00 0.00 0.00 0.000000
3 2.23 1.62 1.01 0.003376
4 2.39 1.47 0.61 0.000011
0 0.00 0.00 0.00 0.000000
2 1.38 1.63 2.07 0.000001
3 1.67 1.57 1.68 0.000007
4 2.49 1.58 1.31 0.000011
1 2.09 1.44 -0.40 0.000004
2 1.52 1.69 0.65 0.000003
0 0.00 0.00 0.00 0.000000
4 2.31 1.46 2.60 0.000003
0 0.00 0.00 0.00 0.000000
2 1.28 1.57 1.95 0.000002
0 0.00 0.00 0.00 0.000000
4 1.95 1.46 2.09 0.000019
1 1.94 1.67 1.30 0.000003
0 0.00 0.00 0.00 0.000000
3 1.85 1.54 -0.01 0.001574
4 2.25 1.50 0.18 0.000001
1 1.52 1.52 -0.32 0.000002
2 2.42 1.60 1.38 0.000069
3 1.88 1.55 1.51 0.000334
4 1.56 1.42 2.79 0.000122
0 0.00 0.00 0.00 0.000000
2 1.97 1.57 0.27 0.000002
3 2.59 1.45 2.37 0.000027
4 2.17 1.50 2.43 0.000011
1 2.38 1.76 0.99 0.000002
2 2.33 1.62 1.44 0.000003
3 1.59 1.42 1.15 0.000041
4 1.85 1.44 1.42 0.000006
0 0.00 0.00 0.00 0.000000
2 2.44 1.64 0.47 0.000003
3 2.03 1.56 0.70 0.000015
4 1.83 1.15 0.57 0.000011
0 0.00 0.00 0.00 0.000000
2 1.70 1.42 1.57 0.000001
3 2.04 1.46 2.39 0.000052
4 2.12 1.55 2.30 0.000347
1 2.16 1.62 0.71 0.000908
2 1.75 1.63 0.94 0.000002
3 1.91 1.56 2.72 0.000013
4 2.14 1.69 -1.76 0.024859
