Object | Point o | Object pose
1, [1.53053832 1.63210726], 2.2204143513836856
2, [1.55818227 1.69683226], 1.7251479332933874
3, [1.57090396 1.40797885], 0.8500032924457304
4, [1.61287576 1.44315101], 1.2196685109529186
1, [2.62098478 1.57243843], 0.07102822521933902
2, [1.56959343 1.71866541], 1.6602203940173765
3, [1.57470279 1.55689378], 1.7883505523770389
4, [1.63104513 1.42365997], 1.876385547492744
1, [1.73826301 1.53805642], 0.030962065743144543
2, [1.23469    1.51231573], 2.202037591464886
3, [2.56109438 1.52701526], 1.694614597741296
4, [1.40225568 1.42338867], 2.731028195883566
1, [1.52873373 1.69843345], 1.6171344587825756
2, [2.38758969 1.70854842], 1.0145373251322156
3, [2.2720383  1.53340952], 1.1300198635566823
4, [2.25215131 1.47465407], 2.9336641474660023
1, [2.19953144 1.79290402], 1.1192900503919079
2, [1.56501751 1.59986098], 2.2816364117067733
3, [1.89928351 1.55813775], 1.9082790593830945
4, [2.33206886 1.47178817], 1.1522034160567975
1, [2.02459984 1.39948716], 3.0774872867992484
2, [2.25967985 1.57592014], 0.579571049065151
3, [2.5486449  1.47860804], 3.0935026318244168
4, [2.37714286 1.42004129], 0.32853419994027094
1, [1.95946238 1.61886227], 0.5768356087556981
2, [2.42165081 1.44003031], 2.739447494488201
3, [1.67910372 1.53064987], 0.4771401146461425
4, [1.92100363 1.45063196], 2.0309852917676574
1, [1.79332789 1.66827405], 0.4225400332976013
2, [1.62192248 1.62241591], 1.768139749126026
3, [1.49535691 1.584244  ], 1.294372608884862
4, [2.30980218 1.52588322], 0.26717841350976745
1, [2.00214538 1.50993298], 2.741811013806791
2, [2.64807677 1.71028175], 0.39882453589857614
3, [1.52068504 1.4317145 ], 1.413776704098354
4, [1.5086973  1.44944656], 1.3103554497578556
1, [1.94033536 1.54735008], 2.3366268663128316
2, [2.2177438  1.42978225], 2.8467172076331666
3, [1.47813364 1.47459452], 1.8410055348530203
4, [2.26287182 1.51630109], 1.873468849067238
1, [2.46957086 1.78404669], 1.0492222820871162
2, [2.47163909 1.63071957], 0.9737504029107562
3, [1.48034544 1.5899523 ], 3.1175225355620038
4, [2.59362559 1.59163021], 0.02792304590596705
1, [1.93029293 1.46073986], 2.803772589375061
2, [1.43282132 1.59499294], 2.546304772473333
3, [2.17657928 1.58920004], 0.6282202362199574
4, [2.20834881 1.46165585], 0.981726018313284
1, [1.49821839 1.470216  ], 2.7009956093075553
2, [2.14202322 1.45204352], 2.7617622224200606
3, [2.21681605 1.59417864], 2.2036750842291615
4, [2.47224818 1.40506012], 2.6799435445093525
1, [2.23459755 1.55696234], 2.8921541449416215
2, [1.78707843 1.70999722], 1.1983850038688286
3, [1.6401053  1.58502944], 1.050573769920373
4, [2.25179335 1.45299145], 0.2753648575763173
1, [1.81579404 1.53337757], 0.04457549952177509
2, [2.1594231  1.66257958], 0.9765435585754321
3, [2.53931752 1.45770122], 1.9499562369268608
4, [1.79252323 1.56764974], 2.2903741816522825
1, [2.0106788  1.69788806], 0.15758687486329612
2, [2.27603854 1.75328127], 0.5647495434284944
3, [2.16526429 1.40291324], 1.401923853014581
4, [1.73311664 1.4764129 ], 2.798687181300718
1, [2.35972676 1.56989213], 2.137205117448209
2, [2.19463007 1.51496567], 2.5638050161294603
3, [1.70040365 1.47946817], 2.5839520180143287
4, [2.2594859 1.5525682], 2.153838123886524
1, [1.83211234 1.62918084], 2.6165192196987723
2, [1.70544882 1.61977123], 0.40943288536072897
3, [2.48358928 1.48436441], 1.0550319433528101
4, [1.76834254 1.4923164 ], 1.5925075152014452
1, [1.51902059 1.62632316], 2.1325379891026093
2, [1.54223569 1.39774499], 2.7664873715995015
3, [1.77797947 1.49775554], 2.29621810476395
4, [2.33031374 1.54442523], 0.3877373062721515
1, [1.98206318 1.68901727], 0.833050423463745
2, [1.88955224 1.54085497], 2.682734280638911
3, [2.09982953 1.56185503], 0.7215283210188511
4, [1.47996987 1.55981107], 2.4508209838574597
