Object | Point o x | Point o y | Object pose | SSD
1 1.90 1.75 1.87 0.000002
2 2.41 1.60 1.54 0.000001
3 1.92 1.43 1.26 0.000002
1 2.64 1.68 0.71 0.000011
2 2.22 1.64 0.66 0.000002
1 2.56 1.50 0.10 0.000003
2 2.35 1.58 1.64 0.000002
3 2.15 1.43 2.08 0.000013
4 1.74 1.47 1.41 0.000007
0 0.00 0.00 0.00 0.000000
2 1.43 1.50 1.99 0.000002
2 1.62 1.60 0.70 0.010037
1 2.11 1.65 1.50 0.000001
2 1.43 1.58 1.08 0.000002
1 1.70 1.65 0.26 0.001960
1 1.44 1.69 1.90 0.000004
2 2.48 1.65 1.02 0.000001
4 2.54 1.42 2.97 0.000003
1 2.56 1.55 0.08 0.000003
2 2.22 1.48 -0.31 0.000002
3 1.98 1.55 0.31 0.000030
4 2.57 1.47 2.91 0.000003
1 1.62 1.77 1.84 0.000001
0 0.00 0.00 0.00 0.000000
4 2.51 1.42 1.13 0.000011
1 2.43 1.74 0.41 0.000066
2 1.56 1.70 0.33 0.000002
3 1.87 1.40 1.72 0.000017
4 1.82 1.52 0.77 0.000016
1 1.53 1.55 2.23 0.000002
2 2.34 1.64 1.11 0.000001
3 2.38 1.52 1.17 0.000037
2 1.64 1.62 1.87 0.017005
1 2.43 1.62 0.35 0.000001
2 1.41 1.67 1.37 0.000003
4 1.61 1.45 2.68 0.000007
1 1.76 1.77 0.90 0.000072
2 2.26 1.46 -0.45 0.000001
3 2.34 1.45 1.03 0.000009
4 1.54 1.40 1.95 0.000006
1 1.89 1.38 -0.19 0.000002
2 2.02 1.60 1.56 0.000002
3 1.96 1.55 0.92 0.000012
4 2.07 1.56 1.14 0.000012
0 0.00 0.00 0.00 0.000000
2 1.76 1.68 0.11 0.000001
3 2.08 1.42 1.59 0.000007
4 1.73 1.49 2.68 0.000003
1 2.25 1.51 -0.54 0.000002
2 2.05 1.52 -0.81 0.000002
3 2.41 1.44 0.66 0.000086
4 2.54 1.40 2.26 0.000009
1 2.65 1.52 0.11 0.000002
2 1.32 1.58 2.15 0.000002
3 2.11 1.51 0.00 0.000003
4 1.41 1.58 1.69 0.000021
1 1.89 1.48 -0.26 0.000002
2 1.59 1.49 -0.28 0.000001
4 2.19 1.51 0.25 0.000017
0 0.00 0.00 0.00 0.000000
2 1.46 1.66 1.82 0.000088
3 1.54 1.52 2.49 0.000006
4 2.21 1.56 1.38 0.000010
1 1.53 1.78 0.87 0.000002
2 1.39 1.73 1.19 0.000002
2 2.05 1.56 0.17 0.008332
2 2.07 1.56 -0.52 0.020883
1 2.33 1.78 1.58 0.000016
2 1.81 1.54 -0.26 0.000004
3 2.36 1.46 1.40 0.000023
