Object | Point o | Object pose
1, [1.28490814 1.63514963], 2.0375958370669767
2, [2.31911442 1.71044211], 1.2037455769648027
3, [1.56054122 1.55266884], 0.859463724576993
4, [2.1855283  1.51382686], 1.6276384499120167
1, [1.46974559 1.73992051], 2.04300302797328
2, [1.99099596 1.60346871], 0.7959407430417483
3, [1.94400497 1.40187661], 2.587800256786095
4, [1.75746658 1.58759141], 2.254428836280983
1, [1.85828722 1.52242672], 2.2454267440126254
2, [2.02068726 1.49387186], 2.1775736448485747
3, [1.41371649 1.54994351], 0.8557746298314655
4, [2.40570171 1.43360568], 2.7796021219455085
1, [2.46613349 1.64167898], 1.3181519599459817
2, [2.26281781 1.57087567], 0.5526286425021583
3, [2.20656506 1.55019362], 0.8335469720064057
4, [1.77678232 1.45563838], 0.5825620151830397
1, [2.09873066 1.5364781 ], 2.498487311421199
2, [1.9791136  1.68209539], 0.7251016330191075
3, [1.88230117 1.45180771], 2.204881061400319
4, [2.59214608 1.46131481], 1.491821531500433
1, [2.13050302 1.6383222 ], 1.6239446146913183
2, [2.21901452 1.60811442], 2.2741873755067945
3, [2.55557771 1.47689851], 1.0590715262701342
4, [1.42667502 1.4643408 ], 0.22604010994828766
1, [2.41023835 1.71049843], 0.5866697738918918
2, [1.46824425 1.62668416], 1.5955797127351012
3, [2.15910508 1.55198315], 2.9982035054081346
4, [2.01338759 1.47368161], 1.1273808638541007
1, [2.25647589 1.51376177], 0.0006867722115366504
2, [1.88064471 1.33920016], 3.066442659636907
3, [2.28752095 1.45255407], 1.4103222824494532
4, [1.56903596 1.40580187], 1.3611523824094247
1, [2.06380617 1.69290939], 2.1132841908635487
2, [1.589405   1.59399932], 1.6352694164235775
3, [2.11194855 1.41066606], 1.3525982762440114
4, [1.737269   1.53528889], 1.2426302279311363
1, [1.55322    1.70250505], 1.380916828002942
2, [1.62026211 1.61512121], 0.5856310180143485
3, [1.79698551 1.43653433], 2.647737475201817
4, [1.42900484 1.49366153], 2.2916138449426944
1, [1.72886326 1.55764275], 2.1698972489664823
2, [1.90023349 1.73479437], 0.8488314216399014
3, [1.71591883 1.44477334], 0.4573540264027852
4, [1.71578804 1.54577325], 2.5911229373071536
1, [1.48846727 1.73303538], 1.4618463055609419
2, [2.13394603 1.60099144], 1.1675962242196798
3, [1.67096117 1.51619584], 1.236532322238077
4, [2.5573066  1.42097612], 0.9117775086983887
1, [1.82239774 1.61861454], 1.0413622016832644
2, [1.66075268 1.44674868], 2.7092550861245877
3, [2.58697995 1.47058946], 2.7425041987770777
4, [2.58630297 1.54686087], 1.5049050140861717
1, [1.97478586 1.58051312], 2.7501340605982807
2, [1.70962873 1.75227435], 0.8349194055185795
3, [2.12517893 1.42345435], 1.1927774346641493
4, [1.77265481 1.45523834], 1.7783503541600492
1, [1.87178304 1.63874455], 0.7349650945094357
2, [1.78441644 1.45430162], 2.375976786160135
3, [2.17990478 1.46624326], 2.0152794102715785
4, [1.64357785 1.45206048], 2.0042603955895517
1, [1.24488744 1.64300572], 2.450640072319172
2, [1.65502637 1.56342216], 1.781956690645646
3, [2.47342413 1.55070886], 1.7231565478779407
4, [2.38401842 1.56304167], 2.4732787098603275
1, [1.81576692 1.53794944], 2.4672675021192765
2, [1.76609603 1.56687638], 1.5031337797747986
3, [1.67629502 1.44184876], 0.955782141968735
4, [1.52496348 1.59901449], 0.9857078494588463
1, [1.25333301 1.71273869], 2.1406708552184543
2, [1.2477465  1.56798696], 2.583613304772002
