Object | Point o x | Point o y | Object pose | SSD
1 2.17 1.70 2.18 0.000001
2 1.84 1.43 -0.36 0.000002
3 2.07 1.48 0.05 0.000010
1 1.96 1.54 0.03 0.000001
0 0.00 0.00 0.00 0.000000
3 2.53 1.60 2.67 0.000003
4 1.93 1.49 2.15 0.000021
1 2.21 1.67 0.43 0.000002
2 2.38 1.77 1.13 0.000003
4 2.29 1.54 1.67 0.000000
1 1.72 1.74 1.00 0.000001
2 1.98 1.48 -0.28 0.000002
4 1.71 1.56 1.07 0.000036
1 1.59 1.68 0.55 0.000004
2 1.66 1.65 1.42 0.000002
3 1.40 1.54 1.23 0.000017
4 1.87 1.48 2.09 0.000002
1 1.82 1.63 0.19 0.000004
0 0.00 0.00 0.00 0.000000
2 1.47 1.54 1.24 0.020494
1 2.49 1.60 0.19 0.000002
2 2.64 1.67 0.07 0.000002
3 1.90 1.55 1.68 0.000016
4 1.94 1.41 2.66 0.000003
1 2.31 1.49 -0.72 0.000001
2 2.52 1.54 0.15 0.000002
3 1.51 1.57 1.24 0.000040
0 0.00 0.00 0.00 0.000000
1 1.24 1.56 -0.31 0.000001
2 1.75 1.68 1.93 0.000003
2 1.65 1.52 0.29 0.006878
1 2.24 1.72 2.13 0.000003
2 1.39 1.61 1.99 0.000003
