Object | Point o | Object pose
1, [2.37119938 1.64330097], 1.662840273620853
2, [1.84704947 1.75570887], 1.4670507830161736
3, [2.27865489 1.41790943], 1.457938952201872
4, [1.40553562 1.46791278], 2.071692674945986
1, [1.29680414 1.43788015], 2.8737898022882016
2, [2.28614311 1.73693142], 0.30640716589702655
3, [2.582401   1.47218851], 0.6517101851177649
4, [2.25521728 1.48363857], 2.759365844840542
1, [1.85385399 1.69714341], 0.40626863852533684
2, [1.34017612 1.48604244], 2.9609474952149215
3, [2.40173522 1.59708216], 3.117231813296247
4, [2.11452246 1.52021905], 1.5677033929605197
1, [2.31322548 1.61347916], 1.0599228055116239
2, [2.38520717 1.58372787], 1.749702940413962
3, [2.4770362  1.58689123], 0.6304905237130561
4, [2.56996125 1.57479815], 2.3889009535983554
1, [1.78626058 1.69086829], 0.9887596629266739
2, [1.49732654 1.70797278], 1.767491199407754
3, [1.43422159 1.43010724], 1.4613121202463537
4, [1.65873974 1.51112198], 1.0464637464118527
1, [1.6887936  1.56644951], 2.6417391950205413
2, [1.75601634 1.65066003], 0.04961515083049006
3, [1.68881448 1.52410684], 1.5399044458398747
4, [1.60467598 1.42272178], 1.2097439239715846
1, [1.77685083 1.55080697], 2.3616713365106676
2, [2.07522657 1.40068625], 2.5638422928309477
3, [2.21909419 1.49304405], 2.606413188729749
4, [1.90822876 1.4853853 ], 0.8122667695983865
1, [1.3734832  1.63484048], 1.5590913694797026
2, [1.97885809 1.67153688], 0.10758050333929649
3, [2.29382039 1.41593535], 0.20867701784672757
4, [1.97939786 1.41293925], 0.5261760220766132
1, [2.53210568 1.73088531], 0.8762911812621715
2, [1.71584048 1.70719336], 1.6736241997130499
3, [1.66746924 1.43365899], 2.859929692565342
4, [2.04783355 1.59535712], 2.3098603062779954
1, [2.32240584 1.66231914], 1.5113704884856185
2, [1.93356568 1.65100509], 2.173590052344112
3, [2.46466294 1.52208932], 2.5617309402146753
4, [1.91259188 1.48084202], 2.6642231374047327
1, [1.89153759 1.69444383], 1.9930175640938517
2, [2.30212672 1.48491784], 2.3366345512828883
3, [1.97641187 1.45941827], 3.1082930464364797
4, [1.58135069 1.52115275], 1.7128881595628451
1, [2.07812339 1.4141851 ], 2.865809562311823
2, [2.50960603 1.63371592], 1.376562786180823
3, [1.70116639 1.44508018], 2.4776870101791353
4, [2.24396723 1.49730742], 0.2093114973352802
1, [2.30980457 1.61804402], 1.722485910933844
2, [1.84493607 1.44131591], 2.6820863313584726
3, [2.11887782 1.41693419], 0.00745180154921489
4, [2.06687223 1.4623093 ], 3.0547320324818235
1, [2.25204214 1.402903  ], 2.837515337480111
2, [2.05328549 1.56723612], 2.7177505059306184
3, [2.10124617 1.43686016], 1.8128432458646389
4, [1.60770941 1.57514999], 2.5681391707094403
1, [1.93082805 1.73625014], 1.1931657476965027
2, [2.5159637  1.65188548], 0.681013571020007
3, [2.48481661 1.44323504], 2.780018408169057
4, [2.44138744 1.47622707], 0.8018087261283957
1, [1.99394786 1.40548341], 3.1397215512774683
2, [1.66803489 1.74725725], 0.45449659806841713
3, [1.5901758  1.47970826], 0.19536796013091104
4, [1.43664751 1.59765942], 0.36637753692147534
1, [1.50435128 1.80203982], 1.1734635135860316
2, [2.17518335 1.65612074], 0.6341090311880138
3, [2.53356989 1.59165054], 1.6352056444935805
4, [2.31511471 1.4997345 ], 2.8477167700822377
1, [1.54378786 1.67644466], 2.229903676767709
2, [1.31502064 1.50545478], 2.4576756982340027
3, [1.80112246 1.57272522], 1.1840893803042591
4, [2.51224249 1.44168776], 1.2145232029280688
1, [1.82661529 1.54044804], 0.06517503632215428
2, [2.32941928 1.63732667], 1.117064743236303
3, [1.58712847 1.46530808], 1.166547268719002
4, [1.97949882 1.58186168], 0.7664910950907124
1, [2.16336248 1.59324579], 2.171726422669504
2, [1.89050605 1.41708203], 2.6573112007727944
3, [1.98889275 1.58141113], 1.795639351584241
4, [1.57041908 1.40659271], 3.131932557696533
