Object | Point o | Object pose
1, [2.04813101 1.6597738 ], 0.7262745800073953
2, [1.42470542 1.41092001], 3.071287613064966
3, [2.00329599 1.54345958], 0.1550946186607614
4, [1.4849665  1.54626926], 2.732956592496603
1, [2.07842006 1.58314523], 0.36711119842078527
2, [1.99315046 1.58841757], 1.7164998515169736
3, [1.90858369 1.48077751], 2.627142421726253
4, [1.69772688 1.43306027], 2.9250170388071366
1, [2.20862376 1.64746183], 0.1993162682352697
2, [2.26684987 1.66656853], 1.6092114735512235
3, [1.78900432 1.44097906], 0.8275693196046244
4, [2.04075325 1.54690367], 2.30676606689903
1, [2.60774977 1.71619792], 0.8428552194010573
2, [1.4763365  1.63644407], 1.0077830924737774
3, [2.49384171 1.54768931], 1.7335504354694236
4, [1.97234652 1.54869529], 0.48942339720407313
1, [1.64181647 1.67876952], 1.0942720103302865
2, [2.40723564 1.69114598], 1.5346967048520606
3, [2.34830145 1.46535435], 3.1154752414206794
4, [1.96211567 1.59005729], 0.4523456340871718
1, [1.88656567 1.73713568], 1.3139354032729187
2, [1.50878886 1.5829883 ], 0.7678223251633235
3, [1.46919922 1.44997888], 2.0956461464789764
4, [2.27323595 1.45549487], 2.7585676717255208
1, [2.21396156 1.54586237], 2.8825875263915983
2, [1.76330519 1.63874664], 0.3771330756457069
3, [2.23181945 1.46653568], 0.5124836521628342
4, [2.13202313 1.57099634], 1.415124105052962
1, [2.54265654 1.71815143], 0.9864660985815686
2, [1.6602186  1.31885767], 3.0881252922539035
3, [1.4807602  1.53895291], 0.15326669188466505
4, [1.40365451 1.56737493], 2.176381315351359
1, [2.37699204 1.80744568], 1.2533764857937224
2, [1.97357285 1.47664042], 2.481276439321671
3, [1.83495894 1.44312707], 2.8506171885558063
4, [1.63729012 1.47033198], 0.65836430137933
1, [2.01416168 1.59806042], 2.6801996278641473
2, [2.03970481 1.69754793], 1.3133993387794567
3, [1.85186849 1.47680037], 0.8396873746781573
4, [2.2061379  1.51346946], 2.5228933627529324
1, [1.41186559 1.59110728], 2.4611143066508014
2, [1.84465674 1.54499617], 2.5928738679993906
3, [1.7781639  1.57505832], 3.032432524529828
4, [2.41090848 1.45994968], 1.8094701703453058
1, [2.36103935 1.71766154], 2.0050582618701625
2, [2.38186127 1.66980276], 0.5845780485170851
3, [2.18143725 1.41227196], 2.009082193027736
4, [2.290778   1.41832431], 0.1483565842065848
1, [1.98349103 1.5995317 ], 2.1827213963276875
2, [1.83850936 1.46997128], 2.689170419080525
3, [1.73544033 1.58594399], 2.6376362269906672
4, [1.56838133 1.58315284], 1.8963561470651953
1, [1.20790425 1.41569991], 2.8298952513281663
2, [2.38813619 1.5217689 ], 2.614196955565911
3, [2.35740473 1.46183769], 1.502193159448723
4, [2.44137399 1.44085065], 2.250339989521848
1, [1.70157969 1.63297011], 1.989133172908829
2, [1.52437645 1.70229037], 0.7227692170427845
3, [1.55711595 1.46070002], 2.234558540952612
4, [2.49571664 1.46308947], 0.40728206150259244
1, [1.73038947 1.78782643], 1.4012108806137404
2, [1.92866871 1.6414235 ], 0.8889953090952681
3, [2.5095699  1.40916641], 2.618015152540198
4, [2.4323462  1.46585984], 1.44298791187432
1, [2.24749387 1.78994203], 0.7480421332729061
2, [2.43096074 1.61584316], 1.051886570299538
3, [2.49377167 1.47273157], 2.033271423621441
4, [2.04945004 1.4588541 ], 2.748637558114213
1, [1.47112247 1.5780176 ], 2.3897023283330476
2, [2.55780949 1.6000143 ], 0.16848748332043464
3, [1.4311126 1.518669 ], 1.8875261357051771
4, [1.56419235 1.49944188], 2.46081243068054
1, [2.22554995 1.51075798], 2.342735431637558
2, [2.49585594 1.57766656], 0.13255091668447705
3, [1.49912686 1.42093849], 1.2631358380220676
4, [1.79451306 1.55471365], 2.587568187035351
1, [1.5651539 1.3675958], 3.095231928741297
2, [1.66680146 1.68447682], 0.02214106180268942
3, [1.72241755 1.55001063], 2.534223078044147
4, [1.9946512  1.42472966], 0.6386763557125841
