Object | Point o | Object pose
1, [2.17209032 1.69704037], 2.1834753347924307
2, [1.84480507 1.43365654], 2.784406892738823
3, [2.06571735 1.47608409], 0.054360831105529306
4, [2.49200298 1.49558052], 1.2155376958682402
1, [1.95925207 1.53563454], 0.02830878355464825
2, [2.01721171 1.60696654], 0.637536565080293
3, [2.52801787 1.59960743], 2.6671738393475644
4, [1.92603554 1.48804114], 2.154198479806207
1, [2.20650474 1.6714674 ], 0.42718389032755294
2, [2.38101174 1.76997667], 1.1274161225551074
3, [1.7018247  1.49216921], 2.5302383468719736
4, [2.29000117 1.53940034], 1.667829979303741
1, [1.7213637  1.73789213], 1.0043640981588196
2, [1.98137821 1.47807554], 2.8575942266296948
3, [1.73956248 1.41763477], 3.0221938536238437
4, [1.71551233 1.56249118], 1.0688601899803605
1, [1.59067106 1.68218905], 0.5481257225435224
2, [1.66203129 1.65442212], 1.4188935875277016
3, [1.40365785 1.54269869], 1.2291444294105278
4, [1.87244511 1.47719665], 2.0904100438995363
1, [1.81717545 1.63246191], 0.1859575096801145
2, [2.00185251 1.71591131], 0.5668872351203473
3, [2.07247063 1.43279044], 2.494825574187359
4, [1.56278369 1.5743813 ], 2.8073600909478693
1, [2.48957902 1.60046602], 0.1858982492548407
2, [2.63740932 1.66635478], 0.07025338269605119
3, [1.90481481 1.55362591], 1.6842204863320873
4, [1.93616088 1.41148729], 2.6629459234022304
1, [2.31387755 1.49033645], 2.416576836776912
2, [2.52193081 1.5387724 ], 0.14724228231698328
3, [1.5144668 1.5663509], 1.2429029374490423
4, [1.90047167 1.5650984 ], 0.5210978965852352
1, [1.24017525 1.55716031], 2.8314660327397356
2, [1.74794385 1.67844047], 1.9315377512591418
3, [1.49926749 1.44973113], 0.2906058791653732
4, [1.5332163  1.47289789], 1.5546130743889925
1, [2.24065605 1.72138625], 2.13444396797792
2, [1.39065765 1.60896354], 1.9865414286049763
3, [2.27972957 1.44570082], 2.98856205793006
