Object | Point o x | Point o y | Object pose | SSD
1 2.37 1.64 1.66 0.000002
2 1.85 1.76 1.47 0.000002
3 2.28 1.42 1.46 0.000016
4 1.41 1.47 2.07 0.000007
1 1.30 1.44 -0.27 0.000001
2 2.29 1.74 0.30 0.000002
3 2.58 1.47 0.65 0.000003
0 0.00 0.00 0.00 0.000000
2 1.34 1.49 -0.18 0.000002
4 2.11 1.52 1.57 0.000001
1 2.31 1.61 1.06 0.000003
2 2.39 1.58 1.75 0.000002
3 2.48 1.58 0.63 0.000019
4 2.57 1.57 2.38 0.000015
1 1.78 1.69 0.99 0.000004
2 1.50 1.71 1.77 0.000002
3 1.43 1.43 1.46 0.000017
4 1.66 1.51 1.05 0.000009
1 1.69 1.57 -0.50 0.000004
2 1.76 1.65 0.05 0.000003
3 1.69 1.53 1.54 0.000002
4 1.60 1.42 1.21 0.000009
1 1.78 1.55 -0.78 0.000001
2 2.08 1.40 -0.58 0.000002
3 2.22 1.49 2.61 0.000004
4 1.91 1.48 0.81 0.000006
1 1.37 1.63 1.56 0.000004
2 1.98 1.67 0.11 0.000003
3 2.29 1.41 0.21 0.000006
0 0.00 0.00 0.00 0.000000
2 1.72 1.71 1.67 0.000004
3 1.67 1.43 2.86 0.000041
4 2.05 1.59 2.31 0.000015
1 2.32 1.66 1.52 0.000001
2 1.93 1.65 2.17 0.000002
3 2.46 1.52 2.56 0.000004
4 1.91 1.48 2.66 0.000006
1 1.89 1.69 1.99 0.000001
2 2.30 1.48 -0.81 0.000001
4 1.58 1.52 1.71 0.000003
1 2.08 1.41 -0.28 0.000004
2 2.51 1.63 1.38 0.000004
4 2.24 1.50 0.21 0.000007
1 2.31 1.62 1.72 0.000002
2 1.84 1.44 -0.46 0.000002
3 2.12 1.42 0.01 0.000014
4 2.07 1.46 3.05 0.000008
1 2.25 1.40 -0.30 0.000001
2 2.05 1.57 -0.42 0.000003
3 2.10 1.44 1.81 0.000014
1 1.93 1.74 1.19 0.000002
2 2.52 1.65 0.68 0.000002
3 2.48 1.44 2.78 0.000037
4 2.44 1.47 0.80 0.000038
1 1.99 1.40 0.00 0.000004
2 1.67 1.75 0.45 0.000002
3 1.59 1.48 0.20 0.000013
4 1.44 1.60 0.37 0.000004
0 0.00 0.00 0.00 0.000000
2 2.17 1.66 0.63 0.000002
4 2.31 1.50 2.85 0.000001
0 0.00 0.00 0.00 0.000000
2 1.31 1.51 -0.68 0.000002
3 1.80 1.57 1.18 0.000030
4 2.51 1.44 1.22 0.000010
0 0.00 0.00 0.00 0.000000
2 2.33 1.64 1.12 0.000001
4 1.98 1.58 0.77 0.000008
1 2.16 1.59 2.17 0.000003
2 1.89 1.42 -0.48 0.000002
3 1.99 1.58 1.79 0.000013
4 1.57 1.41 3.13 0.000004
