Object | Point o | Object pose
1, [1.8967844  1.75146651], 1.8668523840769138
2, [2.40760861 1.59983969], 1.5448190281772702
3, [1.92591721 1.4274426 ], 1.263780433944376
4, [2.58067982 1.58439473], 1.1834615524374739
1, [2.64396537 1.68016469], 0.7065994847711918
2, [2.22235215 1.6400626 ], 0.6613511288793517
3, [2.04862325 1.41355845], 2.38345293846698
4, [2.31237306 1.45916238], 2.6919151919023987
1, [2.56548216 1.49825178], 0.09626293556506937
2, [2.34894775 1.58239715], 1.6329479192754204
3, [2.1466137 1.4296899], 2.0816223402263776
4, [1.7431609  1.47423578], 1.4148621528109087
1, [2.2208827  1.76120146], 1.7103309747283004
2, [1.42763444 1.49790381], 1.9885110106747172
3, [2.05825476 1.46249376], 3.1031271496607715
4, [1.53854028 1.48740622], 0.6968926420857889
1, [2.11347383 1.6548488 ], 1.5000140121498071
2, [1.42652638 1.5824052 ], 1.0844322713760748
3, [1.44205652 1.5621454 ], 0.25530746388211584
4, [2.3326471  1.52978131], 0.38822821568764976
1, [1.44061691 1.69003754], 1.900920060733106
2, [2.47556893 1.65369141], 1.0172572219898448
3, [1.54309544 1.58474255], 2.0283247977660475
4, [2.5447886  1.41478087], 2.968220130463496
1, [2.55683781 1.5545225 ], 0.08143934323669606
2, [2.2222182  1.48189601], 2.827026280279744
3, [1.98118321 1.55434019], 0.308391788844627
4, [2.5677891  1.47462821], 2.9133368706327736
1, [1.62518823 1.76987932], 1.8406044855609458
2, [1.54199991 1.69270605], 0.33009871560219817
3, [1.67655666 1.4222982 ], 1.8994987296311607
4, [2.50988011 1.41667754], 1.1327132292828073
1, [2.42995771 1.73866203], 0.4065974386028455
2, [1.56381102 1.70476472], 0.32634406445479763
3, [1.86891711 1.40041965], 1.7194096788601534
4, [1.82076924 1.52612596], 0.7727362571305115
1, [1.52576145 1.55493173], 2.2305075189617094
2, [2.34515774 1.64079729], 1.108407255944834
3, [2.38068905 1.52081319], 1.1663803002043918
4, [1.55643018 1.5509985 ], 0.29202546804481294
1, [2.43400742 1.6223866 ], 0.35071285778421235
2, [1.40789333 1.67533273], 1.3677459219951091
3, [1.63475052 1.4134652 ], 2.553117883367041
4, [1.60701089 1.4485045 ], 2.6845474586771663
1, [1.75613431 1.77597667], 0.8484500162129566
2, [2.26242048 1.46047397], 2.695733179644408
3, [2.33779314 1.44936391], 1.0242040392791176
4, [1.53730632 1.40225655], 1.9506745509705703
1, [1.8860907  1.38102855], 2.947889243480519
2, [2.0229023  1.60039884], 1.5561807111851627
3, [1.95592111 1.54763808], 0.9208142492725653
4, [2.06876393 1.5633434 ], 1.1413422612752064
1, [1.64209649 1.77568884], 1.2365578952576688
2, [1.75885574 1.68029224], 0.11411708140006545
3, [2.07757622 1.42508488], 1.5879333802911735
4, [1.72532317 1.48509176], 2.679363514953865
1, [2.24884283 1.50985803], 2.60399321755287
2, [2.0455318  1.52370492], 2.3306041627750633
3, [2.40991884 1.4449531 ], 0.6596156929347868
4, [2.53727471 1.40188815], 2.2621572935504073
1, [2.64734285 1.52355533], 0.10978138992047834
2, [1.3223041  1.58491142], 2.145585466878979
3, [2.10953902 1.50731237], 0.0034835558849574924
4, [1.40575316 1.57614255], 1.6893809027606201
1, [1.89003058 1.47672868], 2.8833385942314775
2, [1.59217889 1.48745176], 2.8631057182220054
3, [1.63299222 1.4401491 ], 0.13493758976344034
4, [2.19363137 1.50516295], 0.25813972610966435
1, [1.67002865 1.60357813], 0.6810189385922611
2, [1.4588595  1.65907333], 1.821937223700987
3, [1.53905993 1.52282615], 2.4893263748058105
4, [2.21061431 1.56531872], 1.3789869052453758
1, [1.5331526  1.78158704], 0.869758367777826
2, [1.38836502 1.72876212], 1.1867157079218782
3, [1.88620681 1.50977397], 0.1541878791474458
4, [2.15298732 1.59448432], 2.8854250891263926
1, [2.33046602 1.77920804], 1.5756336867137528
2, [1.81103983 1.54162392], 2.8833250733726947
3, [2.36135953 1.45841884], 1.3975165880983564
4, [2.36344062 1.4814678 ], 2.4295823528075693
