Object | Point o | Object pose
1, [1.59043322 1.60935578], 1.5340261956961003
2, [1.40560302 1.59590098], 2.332759472795243
3, [1.49481239 1.52700178], 1.1571704274512047
4, [1.51651443 1.46187075], 0.1522219524251262
1, [2.01991699 1.64035984], 0.06611822192935737
2, [1.97993053 1.609383  ], 1.4016781317593734
3, [2.36970009 1.50170643], 0.41199207905585433
4, [1.74210583 1.49722846], 0.9444312167060029
1, [1.88951138 1.7075178 ], 2.2081490078541814
2, [2.09887219 1.75597144], 1.3617062121923629
3, [2.19652997 1.59595075], 0.4556951953856852
4, [2.3454107  1.53011081], 0.4328755608718424
1, [1.57537734 1.49292706], 2.7538870408315166
2, [1.88071898 1.50322662], 2.6173904071203635
3, [2.35644059 1.58368972], 2.4441121069885132
4, [1.92036943 1.41194824], 0.8077283527268448
1, [1.83801119 1.48983486], 2.719217403939924
2, [1.86938308 1.3544924 ], 3.0424718648260987
3, [2.43844332 1.45955499], 1.5559406380284517
4, [2.36943509 1.43138451], 0.73269701121033
1, [2.22819387 1.71020183], 1.7395781433058977
2, [2.41917549 1.57987391], 1.5959580541842984
3, [2.03201089 1.50681264], 1.144589332953991
4, [1.47814164 1.5673915 ], 2.326336913583122
1, [1.69473876 1.61694233], 2.267809847019229
2, [2.18005081 1.65992767], 0.48556712886218306
3, [1.43107409 1.44653176], 1.2642837932271775
4, [1.50582449 1.46207655], 2.8103429753153093
1, [2.5414182  1.75765056], 1.0729196908521286
2, [1.86175289 1.40395491], 3.0544453202199144
3, [2.57906147 1.57202004], 2.275664664891334
4, [2.45717877 1.44785744], 0.8321721154261041
1, [2.00145858 1.68655507], 2.0200719891764263
2, [2.2854574  1.64706771], 1.7741097013009743
3, [2.49533985 1.50256042], 2.456796571015105
4, [2.15106263 1.43981622], 0.9204248749521229
1, [1.5633167  1.46631581], 2.7758212307488437
2, [1.6290215 1.6686971], 1.410253480771949
3, [2.23197738 1.40628538], 0.30690283577591226
4, [2.34931912 1.56392815], 2.9329739782566118
1, [1.97499006 1.52773686], 2.697173984220964
2, [1.68395052 1.60330197], 0.018614572036406873
3, [2.29761344 1.58175851], 2.385404456279195
4, [2.31037907 1.55641508], 2.8184698929822165
1, [1.78336383 1.73253099], 1.753994972985798
2, [1.93141465 1.67084702], 0.31461786455799173
3, [1.81032023 1.51734084], 2.79428228283476
4, [1.97551706 1.52630194], 1.0284023044077606
1, [1.73379531 1.74558895], 1.0013222612629638
2, [2.35090288 1.63320863], 0.8113584589189646
3, [1.71784443 1.40542623], 2.541198528785796
4, [2.1797732  1.47144126], 2.6041977018136064
1, [2.07587992 1.70469736], 0.2979633427648789
2, [2.35550351 1.59188507], 1.658969800379752
3, [2.10199997 1.5339487 ], 2.9482336954018282
4, [2.38696362 1.40906966], 2.682952696868419
1, [2.00343714 1.58543178], 2.5691342971985534
2, [2.22952895 1.69463299], 1.4092076904997461
3, [2.18488554 1.59378487], 0.9529395729679134
4, [2.20240707 1.50029066], 1.1375812478906826
1, [2.42992018 1.60500285], 0.8293861159539248
2, [2.12629925 1.63606761], 1.1186200473835173
3, [2.42878303 1.47592184], 1.5871473189351035
4, [1.91890377 1.53957015], 2.243423595888599
1, [2.15333182 1.60950996], 0.9033571913697367
2, [1.40985308 1.58652504], 1.036191264162595
3, [1.84257066 1.54971559], 0.14625827044161763
4, [1.85393347 1.54741816], 1.684636519257948
1, [1.49709159 1.80097111], 0.9433817020898418
2, [1.6475138  1.47422496], 2.611876569826072
3, [1.82530541 1.58509044], 0.8407520375006401
4, [2.51773518 1.43187803], 1.3089041258287946
1, [1.33834736 1.44752897], 2.790066533676354
2, [1.88321594 1.53413051], 1.9149156145931179
3, [2.24926795 1.47851906], 1.1677933199687152
4, [2.28434687 1.52574544], 2.514555480178868
1, [2.24072359 1.70214321], 0.8508152670153926
2, [2.0131828  1.46999732], 2.3921435157249404
3, [2.19890795 1.5651427 ], 2.6287354710248887
4, [2.57345977 1.49347889], 0.6341359870738926
