Object | Point o x | Point o y | Object pose | SSD
1 2.00 1.41 -0.05 0.000002
2 1.63 1.64 1.23 0.000002
3 2.33 1.52 2.41 0.000002
4 2.38 1.47 1.43 0.000007
1 2.12 1.44 -0.43 0.000001
2 1.38 1.59 -0.62 0.000003
0 0.00 0.00 0.00 0.000000
4 1.73 1.53 0.80 0.000006
1 1.91 1.69 1.03 0.000003
2 2.05 1.50 -0.58 0.000002
3 2.48 1.50 1.19 0.000083
4 1.42 1.55 1.18 0.000002
0 0.00 0.00 0.00 0.000000
2 1.40 1.69 1.92 0.000003
3 1.69 1.43 3.07 0.000009
1 1.29 1.56 -0.44 0.000001
2 2.54 1.69 1.12 0.000003
1 2.34 1.47 -0.39 0.001789
1 1.55 1.42 -0.12 0.000003
