Object | Point o x | Point o y | Object pose | SSD
1 2.05 1.66 0.73 0.000004
2 1.42 1.41 -0.07 0.000003
3 2.00 1.54 0.16 0.000004
4 1.49 1.55 2.73 0.000004
1 2.07 1.58 0.37 0.000046
2 1.99 1.59 1.72 0.000051
3 1.91 1.48 2.63 0.000080
2 1.61 1.39 -0.45 0.021009
0 0.00 0.00 0.00 0.000000
2 2.27 1.67 1.61 0.000001
3 1.79 1.44 0.83 0.000032
4 2.04 1.55 2.31 0.000017
1 2.61 1.71 0.87 0.000012
2 1.48 1.64 1.01 0.000001
4 1.97 1.55 0.49 0.000011
1 1.64 1.68 1.10 0.000004
2 2.41 1.69 1.53 0.000001
3 2.35 1.47 3.12 0.000024
1 1.89 1.74 1.31 0.000001
2 1.51 1.58 0.77 0.000002
4 2.27 1.45 2.76 0.000026
1 2.21 1.55 -0.26 0.000001
2 1.76 1.64 0.38 0.000010
2 2.34 1.55 0.51 0.013003
4 2.13 1.57 1.41 0.000028
0 0.00 0.00 0.00 0.000000
2 1.66 1.32 -0.05 0.000002
1 1.79 1.61 0.15 0.011552
4 1.40 1.57 2.18 0.000004
1 2.38 1.80 1.25 0.000074
2 1.97 1.48 -0.66 0.000001
3 1.84 1.44 2.85 0.000014
1 2.01 1.59 -0.46 0.000089
2 2.04 1.70 1.31 0.000001
3 1.85 1.48 0.84 0.000027
4 2.21 1.51 2.52 0.000002
0 0.00 0.00 0.00 0.000000
2 1.84 1.54 -0.54 0.000002
3 1.78 1.57 3.03 0.000022
1 2.36 1.72 2.01 0.000003
2 2.38 1.67 0.58 0.000003
3 2.18 1.41 2.01 0.000003
4 2.29 1.42 0.14 0.000036
1 1.98 1.60 2.18 0.000003
2 1.84 1.47 -0.45 0.000001
4 1.57 1.58 1.90 0.000005
1 1.21 1.42 -0.31 0.000002
2 2.39 1.52 -0.53 0.000002
3 2.36 1.46 1.50 0.000015
4 2.44 1.44 2.25 0.000011
1 1.70 1.63 1.99 0.000004
2 1.53 1.70 0.72 0.000035
3 1.56 1.46 2.23 0.000025
2 2.58 1.54 1.98 0.016605
0 0.00 0.00 0.00 0.000000
2 1.93 1.64 0.89 0.000003
3 2.51 1.41 2.62 0.000014
4 2.43 1.46 1.44 0.000017
1 2.25 1.79 0.75 0.000002
2 2.43 1.62 1.05 0.000003
3 2.49 1.47 2.03 0.000063
1 1.47 1.58 2.39 0.000002
2 2.56 1.60 0.17 0.000001
3 1.43 1.52 1.89 0.000009
4 1.56 1.50 2.46 0.000003
1 2.23 1.51 -0.80 0.000003
2 2.50 1.58 0.13 0.000001
3 1.50 1.42 1.26 0.000047
4 1.79 1.55 2.59 0.000002
1 1.56 1.37 -0.05 0.000001
2 1.67 1.68 0.02 0.000003
4 1.99 1.42 0.64 0.000006
