Object | Point o x | Point o y | Object pose | SSD
1 1.28 1.63 2.04 0.000003
2 2.32 1.71 1.21 0.000001
3 1.56 1.55 0.86 0.000019
4 2.18 1.51 1.63 0.000005
1 1.47 1.74 2.04 0.000001
2 1.99 1.60 0.80 0.000002
3 1.94 1.40 2.59 0.000012
4 1.76 1.59 2.25 0.000005
1 1.86 1.52 2.25 0.000002
2 2.02 1.49 2.18 0.000001
3 1.41 1.55 0.85 0.000037
2 2.31 1.41 -0.62 0.021044
1 2.47 1.64 1.32 0.000004
2 2.26 1.57 0.55 0.000003
3 2.21 1.55 0.83 0.000026
1 2.10 1.53 -0.64 0.000048
0 0.00 0.00 0.00 0.000000
4 2.59 1.46 1.49 0.000000
1 2.13 1.64 1.62 0.000003
2 2.22 1.61 -0.87 0.000002
4 1.42 1.46 0.23 0.000016
1 2.41 1.71 0.59 0.000001
2 1.47 1.63 1.60 0.000002
4 2.01 1.47 1.12 0.000010
1 2.26 1.51 0.00 0.000100
2 1.88 1.34 -0.07 0.000001
4 1.57 1.41 1.36 0.000003
1 2.06 1.69 2.11 0.000003
2 1.59 1.59 1.64 0.000004
3 2.11 1.41 1.35 0.000024
4 1.74 1.53 1.24 0.000009
1 1.55 1.70 1.38 0.000002
0 0.00 0.00 0.00 0.000000
4 1.43 1.49 2.29 0.000004
1 1.73 1.56 2.17 0.000004
2 1.90 1.73 0.85 0.000001
4 1.72 1.55 2.59 0.000001
1 1.49 1.73 1.46 0.000002
2 2.13 1.60 1.17 0.000002
3 1.67 1.52 1.24 0.000010
4 2.56 1.42 0.91 0.000008
1 1.82 1.62 1.04 0.000002
2 1.66 1.45 -0.43 0.000003
4 2.58 1.55 1.51 0.000001
1 1.97 1.58 -0.39 0.000003
2 1.71 1.75 0.84 0.000001
3 2.12 1.42 1.19 0.000001
4 1.77 1.45 1.78 0.000007
1 1.87 1.64 0.73 0.000012
2 1.78 1.45 -0.77 0.000002
3 2.18 1.46 2.02 0.000026
4 1.64 1.45 2.00 0.000007
1 1.24 1.64 2.46 0.000004
2 1.65 1.57 1.78 0.000096
1 1.81 1.54 -0.67 0.000003
2 1.77 1.57 1.50 0.000002
3 1.68 1.44 0.96 0.000024
4 1.52 1.60 0.98 0.000018
1 1.25 1.71 2.14 0.000002
