Object | Point o | Object pose
1, [2.00043955 1.41397039], 3.0865274790949297
2, [1.62608888 1.63579031], 1.2285321638455913
3, [2.33018079 1.52148472], 2.4098119600219245
4, [2.38138729 1.46803978], 1.4327489261546018
1, [2.12210085 1.43891367], 2.7137524400694217
2, [1.38235575 1.5898239 ], 2.520622235068107
3, [2.00020823 1.42084208], 0.21783826847422974
4, [1.73419931 1.52773105], 0.7983550043964636
1, [1.90820932 1.68882995], 1.0307591210616267
2, [2.05286969 1.50369998], 2.5628800407956813
3, [2.48504444 1.50539978], 1.1874219337377134
4, [1.41817609 1.54569706], 1.1809926869840912
1, [1.85797043 1.63635561], 0.48613476536368516
2, [1.40206924 1.68809474], 1.9218190403790483
3, [1.68889919 1.42600244], 3.070806995934053
4, [2.19418636 1.51999377], 2.797345399550777
1, [1.28795065 1.55818485], 2.703598483831747
2, [2.54283427 1.6948772 ], 1.1235265021671468
3, [2.57639689 1.45060402], 2.944329767026384
4, [2.56738331 1.53973261], 1.1363342375048702
1, [1.5503468  1.41557625], 3.0217440606287855
2, [2.25294005 1.52381803], 2.43443433570511
