Object | Point o x | Point o y | Object pose | SSD
1 1.59 1.61 1.54 0.000002
2 1.40 1.59 2.33 0.000107
3 1.50 1.53 1.16 0.000017
4 1.52 1.46 0.15 0.000003
1 2.02 1.64 0.07 0.000002
2 1.98 1.61 1.41 0.000003
3 2.37 1.50 0.41 0.000015
1 1.89 1.71 2.21 0.000002
2 2.10 1.76 1.36 0.000001
4 2.35 1.53 0.43 0.000005
1 1.57 1.49 -0.39 0.000001
2 1.88 1.50 -0.52 0.000004
3 2.36 1.58 2.44 0.000004
4 1.92 1.41 0.81 0.000005
1 1.84 1.49 -0.42 0.000002
2 1.87 1.35 -0.10 0.000002
1 2.23 1.71 1.74 0.000001
2 2.42 1.58 1.59 0.000002
2 1.39 1.59 0.77 0.025663
0 0.00 0.00 0.00 0.000000
0 0.00 0.00 0.00 0.000000
3 1.43 1.45 1.26 0.000005
1 2.54 1.76 1.07 0.000002
2 1.86 1.40 -0.09 0.000002
3 2.58 1.57 2.28 0.000008
4 2.46 1.45 0.83 0.000005
1 2.00 1.69 2.02 0.000002
2 2.29 1.65 1.84 0.000086
3 2.50 1.50 2.46 0.000006
4 2.15 1.44 0.92 0.000027
1 1.56 1.47 -0.37 0.000003
2 1.63 1.67 1.41 0.000002
1 2.44 1.50 0.31 0.003338
0 0.00 0.00 0.00 0.000000
2 1.68 1.60 0.02 0.000001
3 2.30 1.58 2.38 0.000007
2 2.21 1.55 -0.35 0.016816
1 1.78 1.73 1.75 0.000002
0 0.00 0.00 0.00 0.000000
3 1.81 1.52 2.79 0.000069
4 1.98 1.53 1.03 0.000011
1 1.73 1.75 1.00 0.000004
2 2.35 1.63 0.81 0.000002
3 1.72 1.41 2.54 0.000013
4 2.18 1.47 2.60 0.000002
1 2.07 1.70 0.30 0.000004
2 2.35 1.59 1.66 0.000001
4 2.39 1.41 2.68 0.000002
0 0.00 0.00 0.00 0.000000
2 2.23 1.70 1.44 0.000115
3 2.18 1.59 0.95 0.000037
2 2.22 1.63 0.55 0.009825
1 2.43 1.61 0.83 0.000000
2 2.13 1.64 1.12 0.000003
1 2.15 1.61 0.91 0.000001
2 1.41 1.59 1.03 0.000003
2 1.79 1.62 0.10 0.020919
0 0.00 0.00 0.00 0.000000
2 1.65 1.47 -0.53 0.000002
3 1.83 1.58 0.84 0.000018
4 2.52 1.43 1.31 0.000006
1 1.34 1.45 -0.35 0.000003
2 1.88 1.53 1.92 0.000001
3 2.25 1.48 1.17 0.000000
1 2.24 1.70 0.85 0.000002
2 2.01 1.47 -0.75 0.000001
3 2.20 1.56 2.63 0.000091
4 2.57 1.49 0.63 0.000016
