Object | Point o | Object pose
1, [2.19811979 1.68856237], 0.5760296503936863
2, [1.55355009 1.76678951], 1.1748783159387615
3, [1.81315645 1.46973244], 1.9927163384605735
4, [2.09592169 1.5263898 ], 2.490796074674975
1, [2.3683403  1.60897762], 1.7531501454537104
2, [1.68614779 1.37280003], 2.923960894830043
3, [2.21999367 1.56317088], 2.0026898775957767
4, [1.63263269 1.56052092], 0.46079468448790817
1, [2.07942459 1.64473264], 1.3574040040576643
2, [1.91506631 1.49364861], 2.8320134507152277
3, [1.48575897 1.53844581], 1.8061988786604863
4, [1.5301809  1.48064106], 0.280315396398208
1, [1.61480068 1.7762508 ], 0.6766445733565116
2, [2.45937828 1.70974372], 1.6350122835545866
3, [1.78090082 1.46190679], 2.0942655673214015
4, [1.62589221 1.56591226], 0.35530539328801203
1, [1.37649164 1.62113053], 2.15050148993197
2, [1.7858805  1.72426934], 1.2038458246681152
3, [2.0942099  1.52051411], 1.2618738329537926
4, [1.62469646 1.41506907], 2.4440474912564762
1, [1.71958999 1.6124107 ], 2.396809902473068
2, [2.60332177 1.72757999], 0.6449425929616589
3, [1.70922612 1.42897966], 0.7270509523091776
4, [2.2348208  1.45467298], 1.5609422458494853
1, [2.08915462 1.70013072], 0.8811653365558053
