Object | Point o x | point o y | Object pose | SSD
1 2.17 1.60 0.73 0.000002
2 2.07 1.55 2.12 0.000001
3 2.48 1.45 2.35 0.000058
4 2.10 1.44 1.98 0.000015
1 2.05 1.64 1.22 0.000002
2 2.18 1.52 2.11 0.000001
3 2.51 1.50 0.10 0.000069
4 1.42 1.57 2.00 0.000010
1 1.91 1.59 -0.65 0.000022
2 1.67 1.63 1.16 0.000002
3 1.82 1.53 1.44 0.000065
4 1.46 1.52 2.25 0.000012
1 2.65 1.73 0.57 0.000001
2 2.20 1.62 0.30 0.000046
3 1.91 1.56 2.04 0.000148
4 1.69 1.42 1.25 0.000017
1 1.64 1.73 1.13 0.000001
2 1.69 1.64 1.92 0.000001
3 1.78 1.59 2.09 0.000029
4 2.08 1.55 1.74 0.000376
1 2.47 1.66 0.06 0.000002
2 1.88 1.67 0.04 0.000003
3 1.67 1.41 2.85 0.000528
4 2.41 1.55 1.02 0.000004
1 1.83 1.55 -0.12 0.000001
2 2.06 1.53 -0.83 0.000002
3 2.39 1.50 1.13 0.000121
4 2.50 1.57 2.50 0.000670
0 0.00 0.00 0.00 0.000000
2 1.70 1.52 -0.48 0.000002
3 1.93 1.57 1.58 0.000387
4 2.06 1.53 0.18 0.000074
1 2.10 1.59 0.09 0.000002
2 1.47 1.56 1.73 0.000002
3 1.99 1.50 3.14 0.000042
4 1.93 1.59 1.39 0.000025
1 1.47 1.79 1.14 0.000003
-1 -1 -1 -1 -1