Object | Point o x | point o y | Object pose | SSD
1 2.66 1.63 0.65 0.000002
2 1.95 1.60 0.71 0.000002
3 2.40 1.54 0.44 0.000066
4 1.86 1.45 0.45 0.000013
1 2.09 1.67 1.45 0.000001
2 1.65 1.59 1.78 0.000004
3 1.58 1.60 0.22 0.000135
4 1.85 1.46 0.10 0.000009
1 1.98 1.49 -0.52 0.000016
2 2.01 1.56 -0.84 0.000004
3 1.84 1.56 0.68 0.000002
4 1.77 1.54 1.23 0.000014
1 1.56 1.62 0.85 0.000003
2 1.37 1.52 2.37 0.000003
3 2.18 1.45 2.14 0.000001
4 1.71 1.56 1.65 0.000009
1 1.72 1.73 1.09 0.000002
2 2.29 1.69 0.17 0.000001
3 1.48 1.53 2.70 0.000013
4 2.21 1.44 0.34 0.000032
1 2.31 1.65 1.16 0.000003
2 2.26 1.66 1.88 0.000002
3 1.92 1.60 2.82 0.000015
4 1.65 1.49 0.00 0.000001
1 1.48 1.50 -0.24 0.000005
2 1.63 1.75 0.56 0.000001
3 2.13 1.48 0.53 0.000017
4 2.31 1.55 1.60 0.000001
1 2.20 1.56 -0.52 0.000002
2 2.35 1.66 0.04 0.000004
3 2.04 1.44 1.26 0.000000
4 1.53 1.47 2.31 0.000014
1 2.47 1.56 0.18 0.000003
2 1.59 1.71 1.20 0.000004
3 1.79 1.53 1.22 0.000022
4 1.88 1.58 2.11 0.000003
1 1.68 1.60 0.35 0.000003
2 2.68 1.68 0.30 0.000002
3 1.75 1.52 0.18 0.000017
4 1.50 1.54 1.58 0.000022
1 2.56 1.71 0.66 0.000003
2 1.84 1.63 1.33 0.000003
3 2.06 1.55 2.98 0.000078
4 1.97 1.42 1.26 0.000005
1 2.10 1.68 0.74 0.000004
2 2.18 1.56 0.45 0.000003
3 1.67 1.42 2.06 0.000031
4 2.10 1.41 2.64 0.000005
1 2.29 1.61 0.14 0.000002
2 1.82 1.65 2.15 0.000002
3 1.60 1.53 2.61 0.000002
4 1.68 1.54 0.29 0.000170
1 2.23 1.40 -0.23 0.000002
2 2.01 1.66 1.93 0.000002
3 2.60 1.59 1.24 0.000042
4 1.74 1.44 1.61 0.000005
1 1.33 1.39 -0.07 0.000001
2 1.75 1.48 -0.16 0.000003
3 1.82 1.48 2.60 0.000060
4 1.91 1.58 2.61 0.000004
1 2.11 1.63 0.41 0.000005
2 2.05 1.67 1.62 0.000003
3 2.40 1.46 0.81 0.000014
4 1.67 1.41 1.10 0.000009
1 1.78 1.52 -0.74 0.000002
2 1.54 1.55 -0.53 0.000002
3 2.39 1.53 1.22 0.000108
4 2.14 1.47 0.02 0.000359
1 2.06 1.77 1.08 0.000002
2 1.45 1.60 1.56 0.000003
3 1.93 1.59 2.55 0.000007
4 1.60 1.50 0.32 0.000014
1 1.95 1.55 -0.54 0.000110
0 0.00 0.00 0.00 0.000000
3 2.50 1.45 2.66 0.000004
-1 -1 -1 -1 -1
