Object | Point o | Object pose
1, [1.666669   1.63817277], 1.8161283817662282
2, [1.63213307 1.69413166], 0.828454351051048
3, [2.40671198 1.56845531], 2.0895710021285336
4, [1.58037348 1.5564179 ], 1.7947501137734063
1, [2.14358592 1.68864845], 1.3306866754598918
2, [1.49594422 1.67553879], 1.687451643860725
3, [1.46545292 1.4839974 ], 2.4367346593748156
4, [1.75832494 1.59021428], 0.09772061351267146
1, [1.4012889  1.62858645], 1.2496685664563023
2, [1.83706145 1.44391993], 2.999714564189255
3, [2.04188187 1.45332318], 1.0406705579824997
4, [2.25678555 1.51494159], 1.524571063736813
1, [1.75753    1.57160367], 2.652609590767365
2, [2.44885951 1.69781692], 1.663121016706001
3, [2.27311465 1.48778085], 1.5183900636298784
4, [1.86836541 1.55175453], 2.2740164235973688
1, [1.55589493 1.66573657], 0.5412921228805957
2, [1.23573123 1.47122529], 2.707916179488994
3, [1.77507448 1.40873705], 3.114537648803921
4, [1.8326045  1.58541723], 2.593615046979902
1, [2.34104507 1.63130308], 1.4335422951118577
2, [2.06853758 1.58525638], 1.1314730654980425
3, [1.53978612 1.52152217], 2.4272775789333294
4, [2.35589954 1.49155205], 0.7619397252788146
1, [1.68159946 1.52385993], 2.399845493702989
2, [2.214048   1.59390793], 0.44493569694906954
3, [2.55743661 1.47853336], 1.511754620985411
4, [2.12054132 1.4359311 ], 2.9076137133896367
1, [2.02098336 1.70206526], 1.65564022652671
2, [1.28936205 1.57142537], 2.0290630432122385
3, [1.61539602 1.40645118], 0.16235372581771682
4, [2.07386018 1.49764439], 1.6818456582992816
1, [2.32224334 1.68394527], 1.2843610068781963
2, [1.94580643 1.75683728], 1.4366439468465837
3, [1.51019563 1.48984237], 1.3860442423806463
4, [1.6299316  1.59143441], 1.2114809702265357
1, [1.59147241 1.42793511], 2.91645325985471
2, [2.1147487  1.58052124], 0.0875335854757754
3, [2.40121822 1.48444058], 0.733832660645001
4, [1.86365022 1.50194669], 1.612090593406342
1, [2.61673436 1.58796625], 0.4994688889474789
2, [2.46885326 1.52882402], 0.0028652763808293315
3, [2.01126125 1.44786151], 0.13999253566054765
4, [2.59052243 1.44109511], 0.6046344653439474
1, [2.3017127  1.62241327], 0.6745594240624365
2, [2.0540652  1.35630561], 2.9090156136259453
3, [1.93591322 1.48141798], 2.644420575052702
4, [2.45162585 1.46716486], 0.2736063518535317
1, [1.68415551 1.5754487 ], 2.6898530253826065
2, [2.07276164 1.46214406], 2.3938273805407526
3, [2.1403221  1.43146891], 0.5123085198563767
4, [1.71401939 1.42365661], 1.0415520283274886
1, [2.35059872 1.64388322], 0.20172789297532392
2, [2.20757456 1.58512394], 2.601634484482406
3, [1.66722175 1.58808815], 2.8406675570571345
4, [2.52819835 1.43956957], 0.18655365572106572
1, [2.26153415 1.79367451], 0.8917000834884767
2, [1.72297839 1.58225946], 1.263681221887576
