Object | Point o x | point o y | Object pose | SSD
1 2.16 1.71 0.32 0.000001
2 2.18 1.67 0.23 0.000003
3 2.51 1.52 0.51 0.000034
4 1.40 1.56 2.11 0.000004
1 1.64 1.46 -0.24 0.000083
2 1.53 1.57 0.23 0.000003
3 1.88 1.44 2.35 0.000017
4 2.05 1.57 2.23 0.000004
1 1.44 1.69 1.75 0.000002
2 1.85 1.45 -0.30 0.000001
3 2.49 1.40 0.98 0.000045
4 1.55 1.59 0.55 0.000017
1 1.28 1.57 -0.37 0.000002
2 1.73 1.60 1.46 0.000002
3 1.95 1.56 0.63 0.000062
4 2.40 1.48 2.09 0.000007
1 1.34 1.59 1.96 0.000002
2 1.42 1.32 -0.02 0.000002
3 2.55 1.40 2.52 0.000007
4 1.53 1.53 0.79 0.000009
1 2.41 1.78 0.79 0.000002
2 2.18 1.63 0.26 0.000002
3 2.27 1.53 2.76 0.000016
4 1.55 1.51 2.04 0.000004
1 1.97 1.56 -0.62 0.000001
2 1.72 1.52 1.83 0.000002
3 1.61 1.46 2.40 0.000166
4 1.87 1.41 2.61 0.000003
1 2.48 1.66 0.80 0.000001
2 2.02 1.61 0.16 0.000002
3 2.02 1.42 1.20 0.000018
4 1.79 1.45 0.95 0.000377
1 2.29 1.61 0.69 0.000003
2 2.41 1.67 1.08 0.000001
3 2.06 1.42 1.30 0.000047
4 2.13 1.43 0.80 0.000007
1 1.88 1.58 -0.81 0.000002
2 1.89 1.60 1.43 0.000001
3 2.31 1.47 1.45 0.000000
4 2.50 1.41 1.77 0.000016
1 1.52 1.80 1.40 0.000001
2 2.00 1.50 -0.84 0.000002
3 2.36 1.52 0.29 0.000006
4 2.30 1.40 2.15 0.000013
1 2.29 1.65 0.90 0.000002
2 1.47 1.44 -0.12 0.000004
3 2.24 1.58 0.11 0.000001
4 1.77 1.54 1.74 0.000004
1 2.44 1.77 1.36 0.000001
2 1.68 1.56 1.90 0.000001
3 1.50 1.40 1.74 0.000257
4 2.30 1.49 0.34 0.000007
1 1.56 1.60 0.44 0.000002
2 1.73 1.49 -0.26 0.000002
3 2.04 1.56 1.79 0.000036
4 1.70 1.54 2.20 0.000004
1 1.90 1.59 1.84 0.000002
2 1.26 1.64 2.19 0.000001
3 2.18 1.46 0.93 0.000010
4 1.69 1.46 1.01 0.000007
1 1.91 1.73 1.15 0.000002
2 1.39 1.67 1.61 0.000001
3 1.70 1.58 0.48 0.000050
4 2.18 1.42 1.84 0.000002
1 1.78 1.65 0.16 0.000002
2 2.38 1.69 1.31 0.000002
3 2.18 1.47 3.03 0.000021
4 1.69 1.48 2.23 0.000005
1 1.93 1.65 0.64 0.000002
2 2.36 1.57 -0.74 0.000003
3 1.99 1.47 0.05 0.000007
4 1.68 1.41 1.88 0.000009
1 1.59 1.45 -0.13 0.000003
2 2.15 1.71 1.13 0.000004
3 2.09 1.44 0.28 0.000438
4 2.47 1.47 1.99 0.000004
1 2.27 1.63 -0.71 0.000002
