Object | Point o x | point o y | Object pose | SSD
1 2.16 1.52 0.16 0.000005
2 2.03 1.59 1.47 0.000002
3 2.25 1.59 1.70 0.000001
4 1.79 1.49 0.56 0.000004
1 2.32 1.50 -0.83 0.000002
2 1.58 1.60 1.69 0.000001
3 1.51 1.57 2.69 0.000012
4 1.90 1.53 2.97 0.000011
1 1.76 1.74 2.02 0.000002
2 2.48 1.65 1.38 0.000002
3 1.70 1.60 1.63 0.000065
4 2.10 1.43 2.71 0.000005
1 1.79 1.69 1.16 0.000004
2 1.99 1.59 1.52 0.000003
3 2.03 1.53 2.04 0.000039
4 1.51 1.57 2.37 0.000460
1 1.63 1.71 2.05 0.000002
2 2.31 1.71 0.76 0.000001
3 1.42 1.53 1.58 0.000014
4 1.72 1.42 2.69 0.000004
1 1.53 1.76 1.37 0.000001
2 2.13 1.66 0.30 0.000047
3 2.30 1.53 2.68 0.000019
4 1.50 1.55 1.50 0.000013
1 2.23 1.62 0.81 0.000003
2 1.60 1.68 1.31 0.000002
3 1.41 1.59 0.00 0.000031
4 1.78 1.43 2.76 0.000006
1 1.39 1.55 -0.64 0.000001
2 2.13 1.51 -0.54 0.000098
3 2.46 1.60 0.15 0.000082
4 2.50 1.45 2.68 0.000006
1 2.67 1.69 0.10 0.000001
2 2.14 1.63 0.78 0.000003
3 2.34 1.54 0.14 0.000035
4 2.42 1.59 1.34 0.000287
1 1.92 1.57 2.22 0.000003
2 1.39 1.50 2.37 0.000003
3 1.92 1.49 0.75 0.000014
4 2.49 1.59 0.26 0.000016
1 1.41 1.64 -0.59 0.000002
2 1.61 1.46 -0.08 0.000001
3 2.21 1.55 0.29 0.000005
4 1.64 1.48 2.27 0.000007
1 1.48 1.60 1.63 0.000002
2 2.34 1.72 1.19 0.000003
3 2.42 1.57 1.78 0.000089
4 2.06 1.55 1.58 0.000000
1 1.97 1.66 1.47 0.000002
2 1.73 1.64 0.73 0.000002
3 1.48 1.41 0.46 0.000042
4 2.00 1.46 0.14 0.000010
1 1.71 1.61 1.51 0.000003
2 1.31 1.37 -0.40 0.000002
3 1.66 1.57 3.12 0.000013
4 1.58 1.47 1.18 0.000371
1 2.28 1.75 0.63 0.000003
2 1.93 1.64 1.54 0.000003
3 2.17 1.40 2.85 0.000103
4 2.01 1.53 2.02 0.000002
1 2.03 1.65 0.05 0.000001
2 2.29 1.71 1.75 0.000070
3 1.63 1.42 0.88 0.000023
4 2.60 1.60 2.35 0.000010
1 1.79 1.60 -0.60 0.000056
2 1.37 1.48 -0.40 0.000003
3 1.54 1.55 2.21 0.000078
4 2.35 1.40 2.28 0.000005
1 1.79 1.63 1.36 0.000000
2 1.71 1.52 0.12 0.000003
3 2.00 1.42 2.75 0.000077
4 2.12 1.58 2.45 0.000003
1 1.41 1.58 2.29 0.000002
-1 -1 -1 -1 -1
