Object | Point o x | point o y | Object pose | SSD
0 0.00 0.00 0.00 0.000000
2 1.77 1.38 -0.06 0.000002
3 1.60 1.57 1.54 0.000013
4 2.21 1.48 2.20 0.000003
1 1.32 1.67 2.44 0.000026
2 2.49 1.69 0.07 0.000002
3 2.36 1.45 2.47 0.000004
4 2.20 1.49 2.07 0.000008
1 2.16 1.58 0.02 0.000002
2 1.52 1.59 -0.59 0.000001
3 1.84 1.51 0.48 0.000005
4 1.65 1.49 1.41 0.000005
1 1.42 1.65 1.29 0.000001
2 1.58 1.68 1.81 0.000002
3 1.76 1.52 1.94 0.000006
4 2.43 1.51 3.08 0.000008
1 2.29 1.71 0.53 0.000000
2 2.14 1.63 -0.91 0.000086
3 1.98 1.55 1.39 0.000021
4 2.36 1.43 1.72 0.000000
1 2.09 1.49 0.00 0.000001
2 2.00 1.45 -0.23 0.000006
3 1.41 1.50 1.88 0.000486
4 1.90 1.52 2.58 0.000011
1 1.61 1.62 -0.65 0.000018
2 1.95 1.59 2.11 0.000002
3 1.44 1.58 2.44 0.000007
4 2.18 1.58 0.15 0.000009
1 2.23 1.65 2.10 0.000002
2 1.32 1.66 2.10 0.000004
3 2.52 1.55 2.54 0.000057
4 1.77 1.53 1.28 0.000418
1 1.94 1.67 -0.85 0.000003
2 1.79 1.65 1.12 0.000001
3 2.59 1.44 1.34 0.000013
4 2.09 1.45 1.31 0.000024
1 1.80 1.77 1.12 0.000001
2 1.76 1.58 1.23 0.000002
3 1.69 1.47 2.91 0.000016
4 2.24 1.59 1.31 0.000005
1 1.55 1.51 -0.03 0.000002
2 2.17 1.62 0.80 0.000002
3 1.50 1.45 3.02 0.000000
4 1.49 1.60 1.35 0.000293
1 1.58 1.42 -0.34 0.000001
2 2.23 1.73 0.74 0.000002
3 2.08 1.55 0.78 0.000009
4 2.24 1.42 1.15 0.000008
1 2.04 1.47 -0.24 0.000002
2 1.47 1.46 -0.10 0.000001
3 1.85 1.58 0.76 0.000024
4 1.52 1.55 2.14 0.000003
1 2.52 1.67 0.17 0.000001
2 2.41 1.66 1.36 0.000001
3 1.64 1.59 2.37 0.000021
4 1.77 1.54 1.19 0.000012
1 2.09 1.67 0.75 0.000002
2 1.29 1.37 -0.02 0.000073
3 2.04 1.51 2.29 0.000467
4 2.25 1.50 1.46 0.000015
1 2.54 1.66 1.11 0.000002
2 2.00 1.70 0.20 0.000002
3 1.58 1.46 1.33 0.000025
4 2.41 1.48 1.98 0.000030
1 1.56 1.39 -0.32 0.000001
2 2.05 1.55 1.73 0.000003
3 2.09 1.46 3.08 0.000057
4 1.46 1.42 1.81 0.000009
1 1.89 1.66 1.45 0.000002
2 2.03 1.65 1.45 0.000001
3 1.48 1.47 0.06 0.000007
