Object | Point o | Object pose
1, [2.73304696 1.74091773], 0.4994968512499476
2, [1.76688129 1.37938164], 3.0800874364004622
3, [1.59541659 1.56870304], 1.5364700942393863
4, [2.21393742 1.48328526], 2.1944653772603067
1, [1.31673089 1.66438314], 2.4122407789785263
2, [2.48602802 1.6949009 ], 0.07319189760626164
3, [2.36049498 1.45378851], 2.467162463771546
4, [2.19877155 1.48673855], 2.070268746190365
1, [2.16067885 1.58252624], 0.01692140317736096
2, [1.51618909 1.59293197], 2.547036822751579
3, [1.84507897 1.50755253], 0.479103698362835
4, [1.64931257 1.48557181], 1.4059380017043839
1, [1.41887773 1.65096114], 1.286418392427053
2, [1.57718562 1.68092042], 1.8043772470658148
3, [1.76205856 1.51791811], 1.9418914199089636
4, [2.4339794  1.50734496], 3.0844972605600103
1, [2.28719713 1.70980395], 0.531225320224616
2, [2.13609068 1.62269248], 2.164802011096732
3, [1.98437598 1.5524164 ], 1.3949174605409271
4, [2.36626299 1.43523439], 1.7181780669748021
1, [2.09338401 1.49015629], 0.00365664512956571
2, [2.00117249 1.44718465], 2.914011586259043
3, [1.41000663 1.49828992], 1.8795676068698377
4, [1.89788466 1.51831066], 2.579491934172324
1, [1.61646696 1.62382849], 2.491184137219353
2, [1.95181651 1.59192565], 2.108862973032647
3, [1.43767326 1.58425752], 2.439157812671659
4, [2.18093635 1.57894728], 0.14805419186770638
1, [2.23473323 1.6486463 ], 2.098814547106655
2, [1.31940389 1.65554034], 2.0991536212945587
3, [2.52219787 1.55164383], 2.540220770817665
4, [1.77086736 1.52816761], 1.2450586095021923
1, [1.93851449 1.66941531], 2.288347215321335
2, [1.78815917 1.6482272 ], 1.1221166492375754
3, [2.59073729 1.4370215 ], 1.3404859995485001
4, [2.08619196 1.44734663], 1.3140971500575793
1, [1.80218951 1.77131875], 1.1239852028005075
2, [1.75747194 1.57892229], 1.2338546030349051
3, [1.69022014 1.46516384], 2.913596571618434
4, [2.23685341 1.58833837], 1.3058741202048458
1, [1.54682584 1.50727709], 3.113354733850816
2, [2.16637029 1.62281524], 0.8015835922837644
3, [1.49453806 1.44933384], 3.016877892507195
4, [1.492127   1.59887628], 1.349577242928695
1, [1.57568214 1.41916441], 2.8010023489348512
2, [2.22542562 1.72672162], 0.7437126280854734
3, [2.07993445 1.54744817], 0.7778542771245189
4, [2.24052601 1.4162183 ], 1.1561516276498007
1, [2.04108981 1.46570121], 2.903921571507068
2, [1.47119864 1.45562788], 3.0425056042072733
3, [1.84669717 1.58470427], 0.7646207902488433
4, [1.52231773 1.54862884], 2.141483852330051
1, [2.52313748 1.66894657], 0.16925073036620386
2, [2.41244309 1.66187136], 1.3624017346139512
3, [1.63504662 1.58847783], 2.367507743964802
4, [1.76567024 1.54051404], 1.180453901706706
1, [2.09409884 1.67193421], 0.7478356697666804
2, [1.29277924 1.37251089], 3.1207239162892337
3, [2.03925556 1.51206078], 2.2852022132309817
4, [2.2475007  1.49626159], 1.4604510039331777
1, [2.54276185 1.65961107], 1.1108270957503714
2, [2.00317336 1.69989979], 0.19764147474853444
3, [1.58311278 1.4656324 ], 1.331888838126608
4, [2.41520664 1.48487892], 1.9900118518724519
1, [1.56123988 1.39252238], 2.8195536150714937
2, [2.0514931  1.55100517], 1.7299381720475981
3, [2.09348467 1.455419  ], 3.083345382684637
4, [1.45797093 1.41908254], 1.816007197144624
1, [1.88874184 1.66466819], 1.452400410834373
2, [2.03178913 1.64725292], 1.4503523901041202
3, [1.48125669 1.46854977], 0.06477774375213849
