Object | Point o x | point o y | Object pose | SSD
1 1.69 1.76 1.65 0.000002
2 2.18 1.61 0.87 0.000003
3 1.48 1.47 1.54 0.000015
2 2.39 1.53 0.32 0.001155
1 2.01 1.62 0.88 0.000001
2 1.57 1.70 0.40 0.000001
3 1.77 1.54 1.65 0.000005
4 1.59 1.52 0.59 0.000004
1 2.14 1.56 -0.33 0.000002
2 2.45 1.68 0.12 0.000003
3 1.55 1.46 1.45 0.000007
4 1.78 1.45 2.39 0.000034
1 1.48 1.62 1.54 0.000002
2 2.54 1.70 0.15 0.000102
3 1.78 1.49 1.87 0.000050
4 2.18 1.54 1.34 0.000020
1 2.46 1.79 1.41 0.000003
2 1.72 1.40 -0.36 0.000001
3 1.94 1.54 2.26 0.000253
4 1.80 1.54 0.13 0.000002
0 0.00 0.00 0.00 0.000000
2 1.57 1.75 1.12 0.000001
3 2.58 1.47 1.04 0.000023
4 1.70 1.55 2.97 0.000008
1 1.78 1.69 2.01 0.000002
0 0.00 0.00 0.00 0.000000
3 2.28 1.59 0.65 0.000104
4 1.62 1.46 3.11 0.000005
1 1.32 1.70 1.83 0.000001
2 2.39 1.56 1.59 0.000001
3 1.99 1.43 1.64 0.000025
4 2.33 1.56 0.43 0.000011
1 1.30 1.42 -0.08 0.000001
2 2.24 1.51 2.01 0.000002
3 1.73 1.55 3.13 0.000008
4 2.43 1.60 0.89 0.000006
1 1.78 1.46 -0.37 0.000002
2 1.65 1.72 0.68 0.000002
3 2.54 1.47 1.52 0.000085
4 2.38 1.53 2.69 0.000206
1 1.39 1.70 1.88 0.000002
2 2.23 1.45 -0.01 0.000003
3 1.66 1.47 2.93 0.000010
4 2.04 1.42 2.79 0.000128
1 2.35 1.71 0.34 0.000002
2 1.63 1.50 -0.41 0.000110
3 2.53 1.54 2.75 0.000002
4 1.91 1.46 1.62 0.000213
1 1.81 1.65 0.59 0.000002
2 2.10 1.75 0.64 0.000003
3 1.67 1.44 2.41 0.000086
4 1.51 1.42 1.35 0.000091
1 1.80 1.44 -0.19 0.000003
2 2.26 1.71 0.73 0.000002
3 1.63 1.50 1.17 0.000029
4 1.79 1.58 2.70 0.000005
1 2.45 1.58 0.50 0.000002
2 1.85 1.68 0.42 0.000003
3 2.53 1.57 1.93 0.000019
4 1.75 1.58 1.90 0.000003
1 2.14 1.65 -0.76 0.000084
2 1.73 1.34 -0.12 0.000001
0 0.00 0.00 0.00 0.000000
4 2.45 1.51 0.66 0.000003
1 1.81 1.39 -0.18 0.000001
0 0.00 0.00 0.00 0.000000
3 1.91 1.57 0.08 0.000015
4 1.70 1.45 2.31 0.000006
1 1.97 1.62 1.94 0.000002
2 1.71 1.59 1.60 0.000001
3 1.92 1.47 1.76 0.000025
4 1.57 1.54 1.82 0.000007
1 1.95 1.60 -0.60 0.000002
2 1.73 1.48 -0.28 0.000002
3 1.41 1.53 2.45 0.000125
4 2.52 1.41 2.50 0.000006
1 2.53 1.76 0.61 0.000002
2 1.23 1.53 -0.38 0.000001
3 2.30 1.42 1.11 0.000007
4 2.03 1.48 1.54 0.000006
