Object | Point o x | point o y | Object pose | SSD
1 1.49 1.57 1.98 0.000001
2 1.59 1.60 0.94 0.000002
3 1.87 1.58 1.32 0.000012
4 2.42 1.56 3.00 0.000013
1 1.61 1.48 -0.49 0.000004
2 2.16 1.64 2.14 0.000002
3 2.57 1.57 0.14 0.000030
4 2.30 1.44 2.11 0.000005
1 2.13 1.65 0.96 0.000002
2 1.30 1.65 1.61 0.000002
3 1.64 1.54 1.82 0.000012
4 1.98 1.50 1.67 0.000003
1 2.30 1.59 -0.40 0.000051
2 1.94 1.74 0.97 0.000001
3 1.70 1.53 1.25 0.000015
4 2.40 1.41 0.45 0.000016
0 0.00 0.00 0.00 0.000000
2 1.34 1.61 1.34 0.000001
3 1.42 1.44 1.43 0.000025
4 1.59 1.53 2.73 0.000356
1 1.91 1.57 -0.46 0.000004
2 1.65 1.74 1.10 0.000003
3 1.97 1.50 1.59 0.000263
4 2.18 1.51 1.04 0.000010
1 1.31 1.59 2.06 0.000002
2 2.43 1.64 1.92 0.000002
3 1.71 1.40 0.50 0.000025
4 1.72 1.52 0.92 0.000021
1 1.71 1.71 0.83 0.000009
2 2.45 1.64 0.82 0.000005
3 1.94 1.49 0.16 0.000024
4 2.48 1.41 0.15 0.000012
1 2.05 1.48 -0.07 0.000001
2 2.10 1.68 0.09 0.000001
3 1.42 1.58 2.36 0.000001
4 2.38 1.48 0.01 0.000273
1 1.80 1.74 1.32 0.000002
2 2.31 1.70 1.44 0.000001
3 1.41 1.54 2.50 0.000118
4 1.60 1.45 2.79 0.000018
1 1.49 1.57 -0.64 0.000002
2 1.39 1.73 1.23 0.000001
3 1.88 1.59 1.61 0.000123
4 2.20 1.52 0.24 0.000024
1 1.72 1.39 -0.14 0.000003
2 2.11 1.55 0.14 0.000003
3 1.95 1.45 1.38 0.000001
4 2.09 1.48 0.45 0.000005
1 1.44 1.72 1.99 0.000003
2 2.57 1.60 0.44 0.000000
3 2.28 1.44 0.40 0.000048
4 2.05 1.44 1.66 0.000012
1 1.70 1.68 0.82 0.000029
2 1.63 1.69 1.38 0.000003
3 2.11 1.56 0.23 0.000299
4 2.37 1.43 2.79 0.000364
1 1.80 1.59 -0.48 0.000079
2 1.82 1.41 -0.40 0.000002
3 1.56 1.42 0.01 0.000014
4 2.25 1.51 3.09 0.000003
1 2.26 1.66 0.69 0.000005
2 2.62 1.61 0.24 0.000002
3 2.23 1.56 0.20 0.000194
4 2.04 1.44 0.42 0.000033
1 2.56 1.67 0.92 0.000002
2 1.60 1.60 -0.71 0.000004
3 1.67 1.42 0.14 0.000069
4 1.62 1.48 0.51 0.000003
1 2.07 1.67 0.05 0.000062
0 0.00 0.00 0.00 0.000000
3 1.93 1.52 0.40 0.000013
4 1.78 1.60 2.67 0.000006
1 2.36 1.58 1.89 0.000001
2 1.29 1.39 -0.22 0.000002
3 1.67 1.40 1.12 0.000015
4 2.35 1.45 2.58 0.000007
1 2.17 1.65 1.39 0.000002
2 1.53 1.66 0.54 0.000002
3 1.49 1.50 3.02 0.000008
2 2.17 1.65 0.24 0.002671
