Object | Point o | Object pose
1, [1.30351935 1.75892597], 1.7203151160923085
2, [1.8333378  1.57131785], 2.1072273212672132
3, [2.28517925 1.4544492 ], 0.2149086519126445
4, [2.56974628 1.42835586], 2.20687112185113
1, [1.99942998 1.54952813], 2.791070360742994
2, [1.92419064 1.56060257], 1.6899846016322873
3, [2.53510254 1.48744872], 2.218331410240298
4, [2.03654703 1.43285097], 1.9622545860740475
1, [2.05782584 1.71413966], 1.1985026103666019
2, [2.20785075 1.64858438], 0.9119319040338633
3, [2.06235899 1.52352132], 0.95220978004825
4, [1.92369088 1.44502664], 1.6925317410053418
1, [1.71498192 1.70728429], 0.7909750150107444
2, [2.41077456 1.49801358], 2.3635008657062793
3, [2.5261224  1.54405003], 2.6000899751600057
4, [2.02008099 1.44306064], 0.6296424895249116
1, [1.31347121 1.57802264], 2.751846720565097
2, [1.28009176 1.55309796], 1.934761586165518
3, [1.96968196 1.43387036], 0.4744505535832869
4, [1.65404635 1.58288518], 0.06183840258687144
1, [1.4970767  1.69524259], 2.097895572894836
2, [1.78238684 1.73116704], 0.6101591753445172
3, [2.08956531 1.50618259], 3.0568028807257117
4, [2.3872215 1.476185 ], 1.3885210609583576
1, [2.4402698  1.69725076], 1.2201361975915297
2, [2.16465508 1.43003992], 2.847414001570746
3, [2.15913046 1.521886  ], 1.0363975077783798
4, [2.34273639 1.58176372], 1.7455615619651563
1, [1.66284906 1.76573585], 0.5929510573784544
2, [1.27322281 1.34615895], 3.1226014523705974
3, [1.63228471 1.48836465], 1.7350110759461868
4, [2.42095846 1.54973913], 2.075636487389738
1, [1.56001576 1.75950452], 1.0733667806688365
2, [2.21703169 1.58394419], 0.7013681109220001
3, [2.46668877 1.4688317 ], 0.8068282015786996
4, [2.16344169 1.52577489], 0.2477638805735695
1, [2.36655458 1.67255749], 2.2250238898793593
2, [2.37196256 1.65011977], 0.8669669972407142
3, [1.54053734 1.49915012], 2.5450782296129213
4, [2.11241726 1.55888216], 0.46335715262425065
1, [1.7667204  1.54431187], 0.1151905506992482
2, [1.9671828  1.53789046], 2.2333254641644884
3, [2.14328305 1.42211084], 2.6280434425661636
4, [2.56656132 1.50920722], 2.483458104100831
1, [2.14280451 1.56838935], 2.2729907202234503
2, [2.25904952 1.67712251], 0.9263293759861456
3, [1.6693675  1.55768299], 2.718278450363722
4, [1.55917397 1.53036606], 1.4022804656742132
1, [1.78218624 1.60197823], 2.1616649126929017
2, [2.20635021 1.61688634], 1.14554592219395
3, [2.37055973 1.45311023], 3.0838499462834394
4, [2.57316409 1.41008125], 2.659194947841346
1, [2.39959986 1.71073264], 0.318402550200612
2, [1.51153675 1.61255331], 1.1467099849441227
3, [2.27887668 1.59717052], 3.1386188904368897
4, [2.29091417 1.49660467], 2.6722317933399693
1, [2.50763861 1.60703664], 0.15646911312721512
2, [1.95208655 1.60698136], 2.0428313006192833
3, [1.57206154 1.54869889], 3.0460448820534807
4, [2.38696225 1.4559273 ], 0.21200458725074248
1, [2.03018242 1.74547476], 1.6989977041359403
