Object | Point o | Object pose
1, [2.16195527 1.52437876], 0.15649112492317208
2, [2.02932505 1.59136277], 1.471457385738861
3, [2.25265047 1.59140061], 1.698497770329224
4, [1.79377864 1.48690088], 0.5565573798254776
1, [2.32330841 1.50547894], 2.3070630409082984
2, [1.57629654 1.60137464], 1.6896995072780792
3, [1.50739537 1.57165268], 2.6920816059797623
4, [1.90015054 1.52535164], 2.96491281439949
1, [1.75791128 1.73849673], 2.024596785096551
2, [2.47779954 1.65416245], 1.385876421719117
3, [1.70374349 1.59638358], 1.6326233996470971
4, [2.09885571 1.43389576], 2.713510898969081
1, [1.7920023  1.68778701], 1.1519505740734948
2, [1.98724633 1.58966022], 1.5153198363559426
3, [2.03012258 1.53021498], 2.040226469806005
4, [1.51008878 1.57268936], 2.3735462481991747
1, [1.62670529 1.71343683], 2.0494207159035502
2, [2.30699362 1.70877496], 0.7565775280982835
3, [1.41838082 1.52938233], 1.582288656642404
4, [1.71975014 1.42305658], 2.689799066973901
1, [1.52730638 1.75648491], 1.3703355933808257
2, [2.13336584 1.65828808], 0.2973377412851714
3, [2.29630675 1.5265994 ], 2.6767638985943685
4, [1.49728698 1.5549949 ], 1.5004313250865375
1, [2.23517043 1.62103388], 0.8142427675363321
2, [1.59908188 1.675853  ], 1.308581098745024
3, [1.41386554 1.59436951], 0.0012886146870248428
4, [1.77883111 1.42488452], 2.7640427485519736
1, [1.3879763  1.54997387], 2.498236823116184
2, [2.13671034 1.50315672], 2.5964645510755964
3, [2.46639453 1.59699467], 0.14620683297434767
4, [2.49992468 1.45320287], 2.680908349573025
1, [2.67425253 1.68942898], 0.10265564828972085
2, [2.14137818 1.63019296], 0.7811524793647276
3, [2.33725095 1.53996235], 0.1450383373817327
4, [2.41648735 1.58736269], 1.3380784640929895
1, [1.92301784 1.57380185], 2.2172330706281644
2, [1.38789049 1.50106844], 2.3755321200818265
3, [1.92020582 1.48753994], 0.7438925709247987
4, [2.48808834 1.58882821], 0.2583806597934287
1, [1.4138686  1.64400267], 2.547564840490643
2, [1.60696073 1.46365133], 3.056582440794897
3, [2.20903677 1.55618406], 0.29147918601224226
4, [1.64145989 1.48002697], 2.2739439934184067
1, [1.48191619 1.59548089], 1.6292977361092444
2, [2.33805237 1.72101172], 1.1843653261018783
3, [2.42485186 1.57218129], 1.7804340758785628
4, [2.05882273 1.55645803], 1.5810797968732404
1, [1.96559062 1.66132971], 1.4686224949383162
2, [1.7305802  1.64385903], 0.7351875683432522
3, [1.48336947 1.41628103], 0.46044971647809
4, [2.0049481  1.46339042], 0.13945086812771684
1, [1.70814977 1.60662943], 1.5138707249487615
2, [1.30746991 1.36700371], 2.7411243840003006
3, [1.66154575 1.57198392], 3.121480797179931
4, [1.58158153 1.47220145], 1.1826979772291648
1, [2.27755739 1.75081717], 0.6336264354313043
2, [1.92782338 1.64443506], 1.5386067796468188
3, [2.16618195 1.40415356], 2.852424136147679
4, [2.00615793 1.53152755], 2.017383290419398
1, [2.02518589 1.65235167], 0.051538970289493065
2, [2.28706319 1.71064563], 1.6812344249623914
3, [1.63122724 1.42117807], 0.878526669102033
4, [2.59656924 1.59918325], 2.348859682473845
1, [1.78847984 1.60105993], 2.503605899453948
2, [1.37252963 1.4804683 ], 2.742137606760609
3, [1.54184605 1.54823316], 2.21207233684877
4, [2.34556509 1.40109262], 2.2804764336382037
1, [1.79090811 1.63045038], 1.3594916099042222
2, [1.71261293 1.52402088], 0.12230774648115075
3, [2.00091751 1.4177668 ], 2.7494171799189613
4, [2.12167306 1.57774914], 2.4523122882743005
1, [1.40936161 1.57844371], 2.2949188391144784
2, [1.54906431 1.70263948], 0.40753039378041833
