Object | Point o | Object pose
1, [2.16358117 1.71395421], 0.3188820672633646
2, [2.17856366 1.6755551 ], 0.2292023915816412
3, [2.51471091 1.52020228], 0.5131702016349388
4, [1.40095459 1.55630312], 2.10547983164255
1, [1.63283429 1.45839722], 2.906718701956308
2, [1.52663845 1.57250963], 0.2233898674547202
3, [1.8774286  1.44266223], 2.3490204412273976
4, [2.05237394 1.56828018], 2.2257152416750117
1, [1.44224613 1.6866224 ], 1.7473319579969235
2, [1.85098148 1.45335069], 2.839322799967012
3, [2.48653341 1.4055728 ], 0.9800036124847777
4, [1.55072324 1.58912596], 0.5557386907238648
1, [1.27664573 1.57397797], 2.774589031536361
2, [1.73096221 1.59818419], 1.4644555702923123
3, [1.95442904 1.56652133], 0.6319312494877325
4, [2.40555298 1.48117783], 2.094070120145482
1, [1.34215989 1.59445434], 1.958675229888242
2, [1.42279644 1.32384748], 3.125464384194377
3, [2.54725632 1.40305449], 2.5239897243793004
4, [1.53260122 1.52912763], 0.7931271980821147
1, [2.41201309 1.78491782], 0.7922561905725577
2, [2.18009911 1.63422165], 0.26347471123973415
3, [2.26521627 1.53201004], 2.7616377911653633
4, [1.54941034 1.51151942], 2.037195546677059
1, [1.96591195 1.56485421], 2.5161505305917666
2, [1.72451502 1.52291746], 1.8338696961774825
3, [1.60419026 1.46576413], 2.3995451135696384
4, [1.86762864 1.41279931], 2.611903950610425
1, [2.4766821  1.65955705], 0.8012214165692757
2, [2.02385193 1.60636074], 0.16553854672461862
3, [2.01789212 1.41738645], 1.1974629304887343
4, [1.79093496 1.45635012], 0.9489787992310024
1, [2.29029578 1.6087544 ], 0.6907898718544524
2, [2.41211446 1.6731171 ], 1.0774241886989946
3, [2.0657971  1.41761696], 1.3036105234624082
4, [2.13056918 1.42697745], 0.8055193180230484
1, [1.88323312 1.57647174], 2.3307683196135316
2, [1.89345912 1.60287881], 1.4247287415792769
3, [2.30716356 1.46772808], 1.454472214170178
4, [2.50161643 1.41663419], 1.7641778725233495
1, [1.51780146 1.80071075], 1.3983417020368476
2, [1.99885938 1.50271743], 2.297061014136146
3, [2.3569302  1.52238731], 0.29392491306982477
4, [2.29742209 1.40564294], 2.1504247195818027
1, [2.29601815 1.64923788], 0.8963716194602217
2, [1.47181446 1.44255946], 3.0241555570254444
3, [2.24449376 1.58514983], 0.10804512601210695
4, [1.76994025 1.53564935], 1.7350593276222985
1, [2.44006686 1.77040327], 1.3627890095682318
2, [1.68504148 1.55778893], 1.9025661032609587
3, [1.49480411 1.40258558], 1.7440683355373492
4, [2.30412571 1.49456845], 0.3387914541377079
1, [1.56289464 1.59599842], 0.4433853196052546
2, [1.72905821 1.49393946], 2.8844430655890396
3, [2.04205367 1.5637244 ], 1.7935597263863992
4, [1.70234914 1.53696621], 2.2022508570834463
1, [1.89962656 1.59407581], 1.8416963179173833
2, [1.2574504 1.6389605], 2.1852996348250255
3, [2.18328898 1.46442714], 0.9290840995407935
4, [1.69189243 1.45932331], 1.0069012336260659
1, [1.9141391  1.73437534], 1.1458609700636695
2, [1.39425549 1.6726083 ], 1.6043592841954677
3, [1.7010876  1.57910104], 0.47925336488975795
4, [2.18503694 1.42053558], 1.8387632934820994
1, [1.78272364 1.64583703], 0.1521650631677671
2, [2.38374028 1.687119  ], 1.3136892274200431
3, [2.18393725 1.47353731], 3.0269900239207765
4, [1.69312435 1.4835681 ], 2.233478273619891
1, [1.92736003 1.65374105], 0.6432572325536416
2, [2.36268619 1.57057334], 2.402435262002822
3, [1.98622878 1.46924877], 0.04645266245088539
4, [1.67833442 1.41733595], 1.878340868304775
1, [1.5928873  1.44776343], 3.006752523390513
2, [2.14537749 1.70670621], 1.1265893732293368
3, [2.09294944 1.43640795], 0.2876286383670934
4, [2.47317811 1.46626818], 1.995354012434965
1, [2.26949831 1.62919826], 2.429736499254362
