Object | Point o | Object pose
1, [1.92692808 1.77188482], 0.6473836611707402
2, [1.41275778 1.50767463], 2.7175441223949823
3, [1.71094331 1.5205925 ], 1.6645270907911127
4, [1.96336254 1.42884507], 1.2144252416446224
1, [1.37965942 1.65286467], 2.011431391880795
2, [2.0441557  1.50026483], 2.2811352291270044
3, [1.97459348 1.44443369], 1.616032548044385
4, [1.71788017 1.40351541], 0.6351504763764652
1, [2.47980295 1.5961518 ], 0.7735799403866555
2, [2.70726517 1.64315314], 0.1711466339892322
3, [2.57626293 1.45291602], 0.6300714546196813
4, [1.83095653 1.42795329], 1.608626610009959
1, [1.62285209 1.8059219 ], 0.9678829317682495
2, [1.74462909 1.49036495], 2.747632932966827
3, [1.59236137 1.56071636], 1.0194769965750423
4, [2.38034892 1.53212142], 0.28459889388972576
1, [2.51322886 1.62698201], 0.9898998683640046
2, [1.76093203 1.57857467], 1.676092923276547
3, [1.58740458 1.42198083], 1.956910734367428
4, [1.71073282 1.40958107], 0.9154709796392576
1, [1.60330136 1.77534553], 1.076438279307466
2, [1.80469183 1.55018523], 2.62093830349279
3, [1.84722778 1.52419692], 1.4053327247744927
4, [1.91575697 1.40041692], 1.079272204172897
1, [2.02712185 1.74135767], 1.9099718711403384
2, [2.13379897 1.53339424], 2.6867271938885042
3, [2.59785177 1.4892126 ], 3.0425816280241125
4, [2.30285833 1.40121992], 1.6463342786887991
1, [2.281334   1.62893881], 2.426550792142165
2, [2.42616536 1.73685925], 0.9893402130241993
3, [1.73338597 1.56868053], 0.15246859073384034
