Object | Point o x | point o y | Object pose | SSD
1 1.67 1.64 1.82 0.000001
2 1.63 1.69 0.83 0.000001
3 2.41 1.57 2.09 0.000069
4 1.58 1.56 1.80 0.000003
1 2.14 1.69 1.33 0.000001
2 1.50 1.68 1.69 0.000001
3 1.47 1.48 2.44 0.000009
4 1.76 1.59 0.10 0.000011
1 1.40 1.63 1.25 0.000002
2 1.84 1.44 -0.14 0.000003
3 2.04 1.45 1.04 0.000099
4 2.26 1.51 1.53 0.000001
1 1.76 1.57 -0.49 0.000002
2 2.45 1.70 1.66 0.000001
3 2.27 1.49 1.52 0.000014
4 1.87 1.55 2.28 0.000005
0 0.00 0.00 0.00 0.000000
2 1.24 1.47 -0.43 0.000001
3 1.77 1.41 3.12 0.000004
4 1.83 1.58 2.59 0.000007
1 2.34 1.63 1.43 0.000001
2 2.07 1.58 1.13 0.000002
3 1.54 1.52 2.43 0.000004
4 2.36 1.49 0.77 0.000003
1 1.68 1.52 -0.74 0.000004
2 2.21 1.59 0.45 0.000002
3 2.56 1.48 1.51 0.000020
4 2.12 1.43 2.91 0.000107
1 2.02 1.70 1.66 0.000003
2 1.29 1.57 2.03 0.000002
3 1.62 1.41 0.16 0.000005
4 2.07 1.50 1.68 0.000001
1 2.30 1.69 1.28 0.001551
2 1.95 1.76 1.44 0.000002
3 1.51 1.49 1.39 0.000015
4 1.63 1.59 1.21 0.000007
1 1.59 1.43 -0.22 0.000003
2 2.11 1.58 0.09 0.000003
3 2.40 1.48 0.73 0.000012
4 1.86 1.50 1.61 0.000005
1 2.62 1.59 0.50 0.000003
2 2.47 1.53 0.00 0.000002
3 2.01 1.45 0.14 0.000006
4 2.59 1.44 0.61 0.000013
1 2.30 1.62 0.67 0.000010
2 2.05 1.36 -0.23 0.000001
3 1.94 1.48 2.64 0.000006
4 2.45 1.47 0.28 0.000009
1 1.68 1.58 -0.45 0.000002
2 2.07 1.46 -0.75 0.000003
3 2.14 1.43 0.52 0.000002
4 1.71 1.42 1.04 0.000010
1 2.35 1.64 0.20 0.000003
2 2.21 1.58 -0.54 0.000002
3 1.67 1.59 2.84 0.000014
4 2.53 1.44 0.19 0.000016
1 2.26 1.79 0.89 0.000002
-1 -1 -1 -1 -1
