Object | Point o x | point o y | Object pose | SSD
1 2.20 1.69 0.58 0.000008
2 1.55 1.77 1.17 0.000005
3 1.81 1.47 1.99 0.000003
4 2.10 1.53 2.49 0.000451
1 2.37 1.61 1.70 0.000089
2 1.69 1.37 -0.22 0.000001
3 2.22 1.56 2.00 0.000010
4 1.63 1.56 0.46 0.000014
1 2.08 1.64 1.36 0.000003
2 1.92 1.49 -0.31 0.000001
3 1.49 1.54 1.80 0.000028
2 1.71 1.57 0.28 0.001708
1 1.61 1.78 0.68 0.000002
2 2.46 1.71 1.64 0.000001
3 1.78 1.46 2.10 0.000011
4 1.63 1.57 0.35 0.000004
1 1.38 1.62 2.15 0.000002
2 1.79 1.72 1.20 0.000001
3 2.09 1.52 1.26 0.000009
4 1.63 1.41 2.44 0.000020
1 1.72 1.61 -0.74 0.000002
2 2.60 1.73 0.65 0.000002
3 1.71 1.43 0.73 0.000008
4 2.23 1.45 1.56 0.000016
-1 -1 -1 -1 -1
