Object | Point o x | point o y | Object pose | SSD
1 1.93 1.77 0.65 0.000002
2 1.41 1.51 -0.42 0.000002
3 1.71 1.52 1.66 0.000024
4 1.96 1.43 1.21 0.000008
1 1.38 1.65 2.01 0.000002
2 2.04 1.50 -0.86 0.000003
3 1.97 1.44 1.62 0.000020
4 1.72 1.40 0.64 0.000010
1 2.48 1.60 0.77 0.000003
2 2.71 1.64 0.17 0.000001
3 2.58 1.45 0.63 0.000006
4 1.83 1.43 1.60 0.000010
1 1.62 1.81 0.97 0.000003
2 1.74 1.49 -0.39 0.000002
3 1.59 1.56 1.02 0.000031
4 2.38 1.53 0.28 0.000015
1 2.51 1.63 0.99 0.000003
2 1.76 1.58 1.68 0.000003
3 1.59 1.42 1.96 0.000159
4 1.71 1.41 0.91 0.000012
0 0.00 0.00 0.00 0.000000
2 1.80 1.55 -0.52 0.000001
3 1.85 1.52 1.41 0.000000
4 1.92 1.40 1.08 0.000399
1 2.03 1.74 1.91 0.000002
2 2.13 1.53 -0.45 0.000001
3 2.60 1.49 3.04 0.000012
4 2.30 1.40 1.65 0.000002
1 2.28 1.63 -0.71 0.000003
2 2.43 1.74 0.99 0.000002
3 1.73 1.57 0.15 0.000307
