Object | Point o | Object pose
1, [1.49079247 1.57454788], 1.9746549895910874
2, [1.58583562 1.59861456], 0.9409605765971374
3, [1.87416728 1.58534057], 1.3168976310076486
4, [2.42265773 1.56289982], 3.004662140052812
1, [1.60577181 1.48505555], 2.6512731468765627
2, [2.15579196 1.63753809], 2.140480343818485
3, [2.57433294 1.5735697 ], 0.14391700806766813
4, [2.30208954 1.43782038], 2.105661976004084
1, [2.13052116 1.65446261], 0.9577947138736379
2, [1.29921301 1.64838123], 1.6093683504439449
3, [1.64211531 1.53999791], 1.8216149803308253
4, [1.98110331 1.49998733], 1.6710907893725266
1, [2.30650569 1.59345573], 2.7450612951675226
2, [1.93584597 1.73730917], 0.9754402166421072
3, [1.69918399 1.52565059], 1.2533572293653847
4, [2.40241047 1.41451276], 0.44675227684434876
1, [2.40145214 1.60271391], 0.32116584641046253
2, [1.34193426 1.6120446 ], 1.337775067601374
3, [1.41912598 1.44548956], 1.4273279071233718
4, [1.59199935 1.53189225], 2.734468136916912
1, [1.91011622 1.57542922], 2.6763111370769326
2, [1.645964  1.7405584], 1.0964679994135231
3, [1.97218376 1.49917649], 1.5909582620407559
4, [2.17617582 1.51313352], 1.0355798279473263
1, [1.3121671  1.58688924], 2.0616685993491672
2, [2.433278   1.63947425], 1.9240467552199245
3, [1.70453754 1.40448494], 0.5028544716732034
4, [1.71961339 1.51824542], 0.9248405254627866
1, [1.71258971 1.70709314], 0.832683314614291
2, [2.45037279 1.64141379], 0.8173642890323434
3, [1.94058142 1.48852715], 0.15807618375923194
4, [2.47705662 1.41103798], 0.14804236765569997
1, [2.04993239 1.48409872], 3.0754646377921597
2, [2.09680994 1.67770174], 0.0881505543738352
3, [1.41738055 1.57798086], 2.3565546820394454
4, [2.38408788 1.48179679], 0.009065518548521223
1, [1.79915528 1.73927319], 1.3233451071835487
2, [2.31332057 1.70245954], 1.4369430872272935
3, [1.40639937 1.53668556], 2.496260263645659
4, [1.60373075 1.44629932], 2.7956140093974744
1, [1.4925706  1.56529426], 2.5012408520315383
2, [1.39170488 1.73377477], 1.2322504254076327
3, [1.87867806 1.59432893], 1.6066491320269314
4, [2.2034014  1.52390611], 0.23813201082500357
1, [1.71715834 1.38677165], 2.9992680673126664
2, [2.10509455 1.54903589], 0.13819150096501165
3, [1.95510534 1.44572273], 1.379859726421712
4, [2.09581964 1.48234699], 0.4496818216667962
1, [1.43809968 1.72097562], 1.9915333635711723
2, [2.57346433 1.60493173], 0.44317744201820475
3, [2.28199327 1.44181504], 0.4015109195949422
4, [2.05347366 1.4443449 ], 1.6678383187192145
1, [1.69502915 1.68389088], 0.7918425265370655
2, [1.62687993 1.69246642], 1.3763031536111918
3, [2.10558575 1.55674528], 0.2296291430254531
4, [2.37215306 1.42736218], 2.789258363971713
1, [1.800691   1.59351914], 2.661912482809062
2, [1.82389953 1.41109447], 2.7444119982739563
3, [1.55960144 1.42322596], 0.014282522036674917
4, [2.24761957 1.50979322], 3.0889841820489834
1, [2.2634899  1.66024331], 0.6851155716235119
2, [2.62276689 1.61399435], 0.24445324019621834
3, [2.23424938 1.5654739 ], 0.2006551177213258
4, [2.04459199 1.44099959], 0.42291365350114374
1, [2.55768393 1.66998684], 0.9219951203243658
2, [1.59797518 1.60062185], 2.430303380399136
3, [1.67123522 1.42301232], 0.14011484239899552
4, [1.61789178 1.48323786], 0.5112845043468742
1, [2.07095696 1.6737341 ], 0.022650039366393926
2, [2.13420809 1.66353775], 0.6256406549279292
3, [1.92805119 1.51524282], 0.39831478754822286
4, [1.78371717 1.59758313], 2.6695340315691425
1, [2.36264266 1.58058213], 1.8839580698428762
2, [1.29052843 1.38656871], 2.926854084593581
3, [1.67232134 1.4019869 ], 1.1213785955241748
4, [2.34825017 1.45355186], 2.5861549065506755
1, [2.17384458 1.65482672], 1.3886497531153665
2, [1.5307516  1.66212428], 0.5375175282494773
3, [1.49439799 1.50142447], 3.016006309841951
4, [1.99623932 1.56890459], 0.2417782219877123
