Object | Point o | Object pose
1, [2.65672581 1.63358585], 0.6529050764381061
2, [1.94780657 1.6049099 ], 0.7146416917280904
3, [2.40415487 1.54593019], 0.4410527157968908
4, [1.86366588 1.4477584 ], 0.4487851094536584
1, [2.08546771 1.66579861], 1.4508721519936834
2, [1.65190644 1.58795012], 1.7839367702818043
3, [1.57855298 1.5955014 ], 0.22129537445641792
4, [1.85424395 1.45701339], 0.09446520793281084
1, [1.98256967 1.48684659], 2.6200068352602512
2, [2.0056868  1.56278058], 2.303168999374617
3, [1.83864091 1.56075806], 0.6827932843728697
4, [1.77386474 1.53901539], 1.2267265443886464
1, [1.56401615 1.61823775], 0.8456213499795161
2, [1.36746141 1.52211337], 2.370155368016154
3, [2.18174868 1.44996845], 2.137563742807393
4, [1.70668355 1.556962  ], 1.6523357691164962
1, [1.7177269  1.72707794], 1.0911490587240564
2, [2.28725712 1.68814504], 0.17161732975124708
3, [1.4791136  1.53162573], 2.69683700133245
4, [2.21240355 1.43771103], 0.34334031490090966
1, [2.30931946 1.64986165], 1.1606318727008094
2, [2.25853711 1.65905804], 1.8799712146906384
3, [1.91839381 1.59838607], 2.8165969495624394
4, [1.64735476 1.48968069], 0.006594631897722973
1, [1.48277183 1.49732196], 2.8977877284707705
2, [1.62760198 1.75101727], 0.5596680998993104
3, [2.13184326 1.4815848 ], 0.52817554572786
4, [2.30810236 1.54763146], 1.595216462608987
1, [2.19961964 1.55580499], 2.6207526355628703
2, [2.34928029 1.65531046], 0.04436204055572097
3, [2.04324251 1.43507304], 1.2549565233179492
4, [1.53118179 1.47224146], 2.304776132000973
1, [2.46719509 1.55705391], 0.17854367491360962
2, [1.59068688 1.70770417], 1.1906306167266378
3, [1.7922479  1.53300435], 1.2193691837701242
4, [1.8759992  1.57949783], 2.1062043762761578
1, [1.68306549 1.59771361], 0.3468012094020772
2, [2.67704851 1.68296284], 0.29942406929855
3, [1.74871936 1.51612878], 0.18222991400554933
4, [1.49512994 1.54057024], 1.5846495003662235
1, [2.56123642 1.71106903], 0.6647758246864766
2, [1.84425943 1.63192272], 1.334940994014933
3, [2.05477999 1.55041185], 2.9837777365469007
4, [1.97265105 1.42473251], 1.2600898622557235
1, [2.09959058 1.68445089], 0.7440780621350505
2, [2.18209706 1.56151787], 0.45007601369473804
3, [1.67022828 1.42121307], 2.058631023289078
4, [2.10026426 1.41261303], 2.638250909335171
1, [2.28987902 1.6127968 ], 0.14042991720520176
2, [1.82405126 1.6509897 ], 2.1518909051600716
3, [1.60143144 1.53066527], 2.613115111383756
4, [1.68068934 1.53609496], 0.28552350142877186
1, [2.22802574 1.39843433], 2.907758910464901
2, [2.00788342 1.65694734], 1.9301574769764887
3, [2.59572818 1.59114843], 1.2392965544067414
4, [1.7367166  1.44179673], 1.6102604861853878
1, [1.32714012 1.38761273], 3.0750325328894634
2, [1.75442381 1.47989492], 2.9811949913081466
3, [1.8206623  1.48046366], 2.601711357347117
4, [1.90933137 1.57804019], 2.6046066392339675
1, [2.11378321 1.62692125], 0.41476923183054876
2, [2.05077357 1.67049824], 1.617281661816595
3, [2.4045482  1.45663118], 0.8145699111449671
4, [1.67095182 1.41447595], 1.1037917589173176
1, [1.78463193 1.52267645], 2.395177183753183
2, [1.5363736  1.55328018], 2.6091538853830376
3, [2.39061104 1.53472607], 1.22463156327909
4, [2.1413242  1.46950356], 0.016984431467958805
1, [2.05730662 1.77304485], 1.083187486436182
2, [1.4490199  1.60095442], 1.5593157078437996
3, [1.9307215  1.59269069], 2.5518918940465216
4, [1.59667399 1.49803848], 0.31787974961276777
1, [1.95704603 1.55726232], 2.6044546272389355
2, [1.61536941 1.37679908], 2.8028397412718364
3, [2.49793931 1.45371265], 2.654813037300335
4, [2.10657675 1.423413  ], 1.126276262540914
