Object | Point o x | point o y | Object pose | SSD
1 1.30 1.76 1.72 0.000001
2 1.83 1.57 2.11 0.000002
3 2.28 1.45 0.22 0.000003
4 2.57 1.43 2.20 0.000010
1 2.00 1.55 -0.35 0.000001
2 1.92 1.56 1.69 0.000001
3 2.54 1.49 2.22 0.000018
4 2.04 1.43 1.96 0.000011
1 2.06 1.71 1.25 0.000099
2 2.21 1.65 0.91 0.000001
3 2.06 1.52 0.95 0.000020
4 1.92 1.44 1.69 0.000008
1 1.71 1.71 0.79 0.000006
2 2.41 1.50 -0.78 0.000002
3 2.53 1.54 2.60 0.000051
4 2.02 1.44 0.63 0.000008
1 1.31 1.58 -0.39 0.000002
2 1.28 1.55 1.94 0.000002
3 1.97 1.43 0.48 0.000008
4 1.65 1.58 0.06 0.000007
1 1.50 1.69 2.10 0.000001
2 1.78 1.73 0.61 0.000002
3 2.09 1.51 3.06 0.000020
4 2.39 1.48 1.39 0.000012
1 2.44 1.70 1.22 0.000001
2 2.16 1.43 -0.29 0.000001
3 2.16 1.52 1.04 0.000013
4 2.34 1.58 1.74 0.000207
0 0.00 0.00 0.00 0.000000
2 1.27 1.35 -0.02 0.000003
3 1.63 1.49 1.73 0.000011
4 2.42 1.55 2.07 0.000014
1 1.56 1.76 1.08 0.000005
2 2.22 1.58 0.70 0.000001
3 2.47 1.47 0.81 0.000029
4 2.16 1.53 0.25 0.000012
1 2.37 1.67 -0.92 0.000005
2 2.37 1.65 0.87 0.000003
3 1.54 1.50 2.54 0.000021
4 2.11 1.56 0.47 0.000001
1 1.77 1.54 0.11 0.000002
2 1.97 1.54 -0.91 0.000002
3 2.14 1.42 2.63 0.000022
4 2.57 1.51 2.48 0.000030
1 2.15 1.57 -0.92 0.000077
2 2.26 1.68 0.93 0.000004
3 1.67 1.56 2.72 0.000015
4 1.56 1.53 1.40 0.000016
1 1.78 1.60 2.16 0.000003
2 2.21 1.62 1.15 0.000001
3 2.37 1.45 3.08 0.000013
4 2.57 1.41 2.66 0.000016
1 2.40 1.71 0.32 0.000003
2 1.51 1.61 1.15 0.000002
3 2.28 1.60 3.14 0.000005
4 2.29 1.50 2.67 0.000694
1 2.51 1.60 0.16 0.000002
2 1.95 1.61 2.04 0.000004
3 1.57 1.55 3.04 0.000042
4 2.39 1.45 0.21 0.000028
-1 -1 -1 -1 -1