Object | Point o | Object pose
1, [1.68890675 1.7632899 ], 1.6469138616923515
2, [2.17987793 1.61252161], 0.866834766519027
3, [1.48203471 1.46702112], 1.536683700227085
4, [2.21487829 1.43580059], 0.31940286249738076
1, [2.01027156 1.61609899], 0.8823294229757259
2, [1.56787263 1.7004954 ], 0.4028820989932262
3, [1.77292426 1.53654904], 1.6486618024721302
4, [1.58682339 1.51743305], 0.5881977400754042
1, [2.13835731 1.56249111], 2.816069721231696
2, [2.45445123 1.68419477], 0.11637087237763907
3, [1.54970664 1.45983865], 1.4513537053530499
4, [1.77797341 1.44488852], 2.390138406683218
1, [1.48409358 1.62470044], 1.5373120608683621
2, [2.54723362 1.70410438], 0.1435529490209607
3, [1.7779384  1.49028035], 1.868121272357189
4, [2.18436824 1.54622027], 1.337941412989049
1, [2.46285288 1.79138094], 1.4104101534600917
2, [1.71775151 1.39661877], 2.785994716104222
3, [1.94200106 1.53975239], 2.2642431129299614
4, [1.79913469 1.5413844 ], 0.13583453406943902
1, [2.32061848 1.69134717], 1.8539462170721581
2, [1.57054813 1.74895105], 1.1195748102222693
3, [2.58136576 1.47203347], 1.0431538209635944
4, [1.70461277 1.54723071], 2.976701464329343
1, [1.78472916 1.69201742], 2.007366716690485
2, [1.46068521 1.70136984], 1.8442854189121063
3, [2.27877525 1.59665624], 0.6232606896714518
4, [1.61764771 1.46482569], 3.1140446023881037
1, [1.32187967 1.70190859], 1.8305144683120702
2, [2.39255721 1.5653896 ], 1.5892950124974772
3, [1.99482067 1.42967132], 1.6424147574962698
4, [2.32653106 1.56216482], 0.42917123274131885
1, [1.29556645 1.4205476 ], 3.0591346943201083
2, [2.24452582 1.51129684], 2.018394360276866
3, [1.72570328 1.54649122], 3.127371693892701
4, [2.42679288 1.59949416], 0.8872789784517289
1, [1.77640544 1.45678549], 2.776270234449438
2, [1.64880502 1.72150014], 0.6839331252616154
3, [2.53530443 1.46879458], 1.5216822418423892
4, [2.37621855 1.52186175], 2.63688103212431
1, [1.39381897 1.70545552], 1.882747512901583
2, [2.23099517 1.45110705], 3.137343545868657
3, [1.65984824 1.46576518], 2.9322433349590895
4, [2.03762299 1.41961038], 2.7863278570035206
1, [2.35559589 1.70907116], 0.3432721883715465
2, [1.63574174 1.50789492], 2.7320424131918317
3, [2.53391743 1.54346377], 2.7555651334977833
4, [1.91878981 1.4591054 ], 1.6565101739181136
1, [1.81029004 1.64701726], 0.5868198842745559
2, [2.10227575 1.74830775], 0.6366841765936739
3, [1.66748977 1.44433309], 2.4107562554100257
4, [1.51147752 1.42191335], 1.3486178488514566
1, [1.7966556  1.44105912], 2.9491778778834052
2, [2.26480243 1.71190037], 0.7355501016611546
3, [1.63379789 1.50448415], 1.1719433568371282
4, [1.78502276 1.58235289], 2.705389051575695
1, [2.4532371  1.57501463], 0.49932011316706976
2, [1.85349649 1.67886665], 0.41650395684947583
3, [2.52684893 1.57542596], 1.932538216126167
4, [1.7520071  1.58080547], 1.9011465658284303
1, [2.14030489 1.64879471], 2.334222674217087
2, [1.72597585 1.34323079], 3.02383689942683
3, [2.36322993 1.56940097], 0.6512395796684886
4, [2.44926275 1.50686821], 0.6600689049335502
1, [1.81414915 1.38707435], 2.9583762157205316
2, [2.48206363 1.56259388], 0.47932472822173366
3, [1.90905404 1.56678964], 0.08322260861087549
4, [1.70252727 1.45069109], 2.3073841142358806
1, [1.96639343 1.61677685], 1.9423970783655564
2, [1.70644197 1.59405867], 1.5969866697382098
3, [1.92467808 1.47369681], 1.7626345743337215
4, [1.56874563 1.5434674 ], 1.8227524281047878
1, [1.95268109 1.60091452], 2.540097960575267
2, [1.72654761 1.47770857], 2.8650209423962703
3, [1.40609924 1.53071871], 2.448207725482769
4, [2.51427676 1.41146544], 2.5043211889279906
1, [2.52790044 1.76433903], 0.6109787327840963
2, [1.22799863 1.53304651], 2.7667163264728005
3, [2.30082695 1.41621475], 1.115073141239697
4, [2.02598702 1.48069098], 1.5404840158396842
