Object | Point o | Object pose
1, [2.16529001 1.59921969], 0.7267910139384854
2, [2.06698484 1.5503753 ], 2.116852768569508
3, [2.48418288 1.45393391], 2.353523432020876
4, [2.10500019 1.4390242 ], 1.9763092977708512
1, [2.04783303 1.64447632], 1.2217843949580847
2, [2.17798222 1.52177642], 2.1083004670856424
3, [2.51223602 1.50151605], 0.09845157189949134
4, [1.41534815 1.57043426], 2.005152692547867
1, [1.9108856  1.58962518], 2.495880350254638
2, [1.67485997 1.63307309], 1.1612103369082003
3, [1.81951574 1.53756549], 1.437305799591165
4, [1.45865415 1.52448368], 2.2461177837231046
1, [2.65160257 1.73286862], 0.5709418648860176
2, [2.20109439 1.62674081], 0.28496650774673793
3, [1.91159933 1.55699409], 2.0367540721331148
4, [1.68689187 1.41677301], 1.2478947866342067
1, [1.6365008 1.7300892], 1.131175582219566
2, [1.68730912 1.63672256], 1.915179367157176
3, [1.77705357 1.59492017], 2.089971934018813
4, [2.08328995 1.54851691], 1.7350465781752302
1, [2.47024312 1.66221594], 0.054675953412626314
2, [1.88137873 1.6753582 ], 0.03751276009786699
3, [1.67304433 1.41370426], 2.8456296475317084
4, [2.40709882 1.55433608], 1.016458197000182
1, [1.82938518 1.54879411], 3.0241717685332303
2, [2.05919074 1.53358024], 2.3166042563490628
3, [2.38984458 1.50300525], 1.1268325601386846
4, [2.49552584 1.57220819], 2.5015025494166476
1, [2.27058299 1.70654833], 1.3068408830275178
2, [1.69901527 1.52169724], 2.665481132154734
3, [1.93347726 1.57607352], 1.5763877273302342
4, [2.05483131 1.53174218], 0.18589215541565685
1, [2.1005537  1.59383413], 0.0893117927546597
2, [1.47502218 1.56020935], 1.7298949816021914
3, [1.99014883 1.49938488], 3.1395287046470854
4, [1.93347501 1.58811746], 1.3910636909155698
1, [1.46724879 1.78667599], 1.1337720677309666
2, [1.68731602 1.44543396], 2.6010612145801986
