Object | Point o | Object pose
1, [2.14979222 1.68908878], 0.36137687427427195
2, [1.96844367 1.41161171], 3.040423490179381
3, [1.51361523 1.48903604], 0.14152697012313112
4, [1.58305069 1.43205944], 0.998317519453189
1, [2.56089488 1.50930426], 0.1442353493671025
2, [2.33300383 1.55306512], 2.6713760635200416
3, [1.45895103 1.438269  ], 0.005686413755393998
4, [1.71134222 1.49159784], 2.716397987685414
1, [1.87652737 1.71343064], 2.1605037048531304
2, [2.43369312 1.64619945], 0.13882651691368006
3, [2.43554333 1.40587561], 2.147364697967955
4, [1.43759585 1.44341196], 1.3834942945384405
1, [2.21449421 1.66035401], 1.8079606743536316
2, [2.05922785 1.61328   ], 0.10682352482338142
3, [1.40353001 1.48054434], 1.9941594184546199
4, [2.18564212 1.48572432], 1.950218268879349
1, [2.47424546 1.58664867], 0.6823475035592285
2, [2.01578365 1.39724321], 2.7064605226236154
3, [2.00646037 1.59430205], 0.902558151398616
4, [1.76155137 1.40535608], 2.875981841690285
1, [1.58936072 1.65770064], 1.258441466533411
2, [1.50375834 1.32886363], 3.0928141752696394
3, [2.16689005 1.4793369 ], 1.620838121865711
4, [1.50891163 1.45514243], 0.6030632250331429
1, [2.23268452 1.74768172], 0.6172010324782161
2, [2.49401904 1.56302969], 0.40108679034478206
3, [1.93228135 1.56308681], 2.464288324299469
4, [1.85580124 1.53936278], 2.38737271440259
1, [2.41203745 1.62441382], 1.7820841907011467
2, [1.62375237 1.61162102], 0.8905214229781907
3, [1.6351194  1.55583843], 0.6309056960507928
4, [2.3547329  1.51233722], 0.4671323592536712
1, [2.18570131 1.69055223], 1.969202173263601
2, [2.26575876 1.71649223], 1.3481876969084736
3, [2.12201498 1.43861025], 1.9425622391952893
4, [2.00945356 1.58777134], 3.065668933787335
1, [2.48765355 1.60463686], 0.5889287246639976
2, [1.40442901 1.46600884], 2.3017864203975686
3, [2.07542703 1.46437089], 2.296949950416496
4, [1.93031817 1.51040793], 1.6119892886614593
1, [2.03609573 1.62708015], 2.168599450727167
2, [2.15067083 1.6019021 ], 0.4059276955116111
3, [2.13446332 1.48411949], 0.4259741157523623
4, [2.2052969  1.57958541], 2.4617930504221803
1, [1.95552731 1.46296514], 2.973027564916806
2, [2.6007325  1.53145652], 0.0005220211685722931
3, [1.89544311 1.546686  ], 1.573692952569849
4, [1.8064301 1.5547522], 1.4356828261160397
1, [2.25417972 1.76003169], 0.6739898170919225
2, [1.73440535 1.7232668 ], 0.7131519275077751
3, [1.53188215 1.5633456 ], 2.5174240254390954
4, [1.50104406 1.52929481], 2.5680815983189653
1, [1.33202794 1.56664952], 2.2514644049204326
2, [2.73042452 1.69351938], 0.0055973302048759254
3, [2.02545939 1.44370522], 2.4313919836763316
4, [1.89920967 1.41271824], 1.4583966230292595
1, [1.62177444 1.65871149], 0.44141935887193395
2, [2.1309115 1.5904503], 0.22596528419716438
3, [2.35122204 1.51058641], 0.8169771134640588
4, [1.66928042 1.51775788], 0.3712626204715553
1, [1.65319346 1.74055031], 0.96173101700319
2, [2.37811165 1.57766073], 2.5806542059289583
3, [1.60181276 1.56415741], 0.7146156450500432
4, [2.0200829 1.4835008], 0.8737154001890237
1, [1.79067622 1.7564371 ], 1.4777667355471578
2, [1.88403687 1.56634323], 2.693598033024563
3, [2.44586715 1.55909685], 0.16581853256719684
4, [1.66550318 1.59194861], 2.0362521386601697
1, [2.31130142 1.49733537], 2.360039775337523
2, [1.30702942 1.51885954], 2.923198307807775
3, [1.90494145 1.58736766], 2.6773932326239835
4, [2.346425  1.5608749], 0.9235582903971301
1, [2.08733791 1.7074063 ], 0.8930853363590207
2, [2.34266836 1.54571488], 0.2787948241344531
3, [2.34031401 1.56496257], 1.0935793514008598
4, [1.53812084 1.57348132], 0.9326502982381915
1, [1.40197308 1.58995052], 2.5402593595780667
2, [1.25188477 1.56958021], 2.6203179508555317
3, [1.82924878 1.53523112], 0.9525397516591503
4, [2.20459892 1.44255813], 2.4527121343537366
