Object | Point o x | Point o y | Object pose | SSD
0 0.00 0.00 0.00 0.000000
2 1.97 1.41 -0.10 0.000001
3 1.51 1.49 0.14 0.000026
4 1.58 1.43 1.00 0.000006
1 2.56 1.51 0.15 0.000002
2 2.33 1.55 -0.47 0.000003
3 1.46 1.44 0.00 0.000050
4 1.71 1.49 2.72 0.000004
1 1.88 1.71 2.16 0.000002
2 2.43 1.65 0.14 0.000003
3 2.44 1.41 2.15 0.000014
4 1.44 1.44 1.38 0.000011
1 2.22 1.66 1.83 0.000012
2 2.06 1.61 0.11 0.000003
4 2.19 1.49 1.95 0.000004
1 2.47 1.59 0.68 0.000002
2 2.02 1.40 -0.43 0.000001
3 2.01 1.59 0.90 0.000026
1 1.59 1.66 1.26 0.000004
2 1.50 1.33 -0.05 0.000003
3 2.17 1.48 1.62 0.000022
4 1.51 1.45 0.60 0.000003
1 2.24 1.75 0.62 0.000168
2 2.49 1.56 0.40 0.000002
4 1.86 1.54 2.39 0.000007
1 2.41 1.62 1.78 0.000002
2 1.62 1.61 0.89 0.000002
2 2.51 1.63 0.47 0.002559
1 2.19 1.69 1.97 0.000001
2 2.27 1.72 1.35 0.000002
3 2.12 1.44 1.94 0.000013
2 1.93 1.54 -0.31 0.025379
1 2.49 1.60 0.59 0.000006
0 0.00 0.00 0.00 0.000000
4 1.93 1.51 1.61 0.000003
1 2.04 1.63 2.22 0.000070
0 0.00 0.00 0.00 0.000000
4 2.21 1.58 2.46 0.000004
1 1.96 1.46 -0.17 0.000003
2 2.60 1.53 0.00 0.000004
1 2.25 1.76 0.67 0.000003
2 1.73 1.72 0.71 0.000145
3 1.53 1.56 2.52 0.000007
4 1.50 1.53 2.57 0.000010
1 1.33 1.57 2.25 0.000002
0 0.00 0.00 0.00 0.000000
2 1.88 1.55 0.87 0.009955
1 1.62 1.66 0.44 0.000003
2 2.13 1.59 0.23 0.000002
3 2.35 1.51 0.82 0.000046
2 1.76 1.59 0.37 0.015537
1 1.65 1.74 0.96 0.000002
2 2.38 1.58 -0.56 0.000001
4 2.02 1.48 0.87 0.000014
0 0.00 0.00 0.00 0.000000
2 1.88 1.57 -0.45 0.000004
3 2.44 1.56 0.16 0.000075
4 1.67 1.59 2.04 0.000006
1 2.31 1.50 -0.78 0.000002
2 1.31 1.52 -0.21 0.000002
3 1.91 1.59 2.68 0.000035
4 2.35 1.56 0.92 0.000006
1 2.09 1.71 0.90 0.000002
2 2.34 1.55 0.28 0.000002
3 2.34 1.56 1.09 0.000017
4 1.54 1.57 0.93 0.000010
1 1.40 1.59 -0.60 0.000001
2 1.25 1.57 -0.52 0.000001
3 1.83 1.53 0.95 0.000027
4 2.20 1.44 2.45 0.000000
